id_station,date,time,datetime,sss,RRR,T,Td,t(t-r),n,kp
30714,2020-12-31 00:00:00,20:00,2020-12-31 20:00:00,,0.0,-25.4,-28.5,-90.75,22.0,-1240.5999999999995
30714,2020-12-31 00:00:00,08:00,2020-12-31 08:00:00,27.0,0.0,-35.1,-38.0,-90.75,22.0,-1240.5999999999995
30714,2020-12-30 00:00:00,20:00,2020-12-30 20:00:00,,0.0,-31.5,-34.5,-99.32250000000005,21.0,-1149.8499999999995
30714,2020-12-30 00:00:00,08:00,2020-12-30 08:00:00,27.0,0.0,-38.2,-40.9,-99.32250000000005,21.0,-1149.8499999999995
30714,2020-12-29 00:00:00,20:00,2020-12-29 20:00:00,,0.0,-32.6,-35.5,-104.39999999999995,20.0,-1050.5274999999995
30714,2020-12-29 00:00:00,08:00,2020-12-29 08:00:00,27.0,0.0,-39.4,-42.3,-104.39999999999995,20.0,-1050.5274999999995
30714,2020-12-28 00:00:00,20:00,2020-12-28 20:00:00,,0.2,-33.5,-36.6,-88.83000000000008,19.0,-946.1274999999996
30714,2020-12-28 00:00:00,08:00,2020-12-28 08:00:00,27.0,0.2,-32.3,-34.6,-88.83000000000008,19.0,-946.1274999999996
30714,2020-12-27 00:00:00,20:00,2020-12-27 20:00:00,,0.2,-26.6,-29.0,-79.16999999999993,18.0,-857.2974999999996
30714,2020-12-27 00:00:00,08:00,2020-12-27 08:00:00,27.0,0.4,-34.3,-37.1,-79.16999999999993,18.0,-857.2974999999996
30714,2020-12-26 00:00:00,20:00,2020-12-26 20:00:00,,0.5,-21.0,-23.5,-46.929999999999964,17.0,-778.1274999999996
30714,2020-12-26 00:00:00,08:00,2020-12-26 08:00:00,27.0,0.3,-15.1,-17.8,-46.929999999999964,17.0,-778.1274999999996
30714,2020-12-25 00:00:00,20:00,2020-12-25 20:00:00,,0.0,-18.3,-20.2,-53.2399999999999,16.0,-731.1974999999996
30714,2020-12-25 00:00:00,08:00,2020-12-25 08:00:00,27.0,0.5,-30.1,-32.6,-53.2399999999999,16.0,-731.1974999999996
30714,2020-12-24 00:00:00,20:00,2020-12-24 20:00:00,,0.7,-15.4,-17.3,-46.30999999999999,15.0,-677.9574999999998
30714,2020-12-24 00:00:00,08:00,2020-12-24 08:00:00,26.0,0.0,-26.7,-29.2,-46.30999999999999,15.0,-677.9574999999998
30714,2020-12-23 00:00:00,20:00,2020-12-23 20:00:00,,0.0,-18.8,-21.7,-64.86999999999986,14.0,-631.6474999999998
30714,2020-12-23 00:00:00,08:00,2020-12-23 08:00:00,26.0,0.0,-31.1,-33.4,-64.86999999999986,14.0,-631.6474999999998
30714,2020-12-22 00:00:00,20:00,2020-12-22 20:00:00,,0.0,-20.5,-22.4,-39.775000000000034,13.0,-566.7774999999999
30714,2020-12-22 00:00:00,08:00,2020-12-22 08:00:00,26.0,0.0,-22.5,-24.3,-39.775000000000034,13.0,-566.7774999999999
30714,2020-12-21 00:00:00,20:00,2020-12-21 20:00:00,,2.0,-9.3,-10.9,-19.44000000000001,12.0,-527.0024999999998
30714,2020-12-21 00:00:00,08:00,2020-12-21 08:00:00,23.0,0.0,-12.3,-14.3,-19.44000000000001,12.0,-527.0024999999998
30714,2020-12-20 00:00:00,20:00,2020-12-20 20:00:00,,0.0,-18.1,-20.0,-36.479999999999976,11.0,-507.5624999999998
30714,2020-12-20 00:00:00,08:00,2020-12-20 08:00:00,24.0,0.0,-20.3,-22.2,-36.479999999999976,11.0,-507.5624999999998
30714,2020-12-19 00:00:00,20:00,2020-12-19 20:00:00,,0.0,-18.8,-20.7,-40.754999999999974,10.0,-471.0824999999998
30714,2020-12-19 00:00:00,08:00,2020-12-19 08:00:00,24.0,0.0,-24.1,-26.0,-40.754999999999974,10.0,-471.0824999999998
30714,2020-12-18 00:00:00,20:00,2020-12-18 20:00:00,,0.0,-17.0,-18.9,-51.58999999999998,9.0,-430.3274999999998
30714,2020-12-18 00:00:00,08:00,2020-12-18 08:00:00,24.0,0.0,-29.9,-32.4,-51.58999999999998,9.0,-430.3274999999998
30714,2020-12-17 00:00:00,20:00,2020-12-17 20:00:00,,0.0,-26.7,-29.2,-59.447499999999955,8.0,-378.73749999999984
30714,2020-12-17 00:00:00,08:00,2020-12-17 08:00:00,24.0,0.0,-28.6,-30.4,-59.447499999999955,8.0,-378.73749999999984
30714,2020-12-16 00:00:00,20:00,2020-12-16 20:00:00,,2.0,-11.9,-13.9,-30.90749999999999,7.0,-319.2899999999999
30714,2020-12-16 00:00:00,08:00,2020-12-16 08:00:00,21.0,0.0,-19.8,-21.7,-30.90749999999999,7.0,-319.2899999999999
30714,2020-12-15 00:00:00,20:00,2020-12-15 20:00:00,,0.0,-24.3,-26.8,-66.02749999999989,6.0,-288.38249999999994
30714,2020-12-15 00:00:00,08:00,2020-12-15 08:00:00,21.0,0.0,-29.6,-32.0,-66.02749999999989,6.0,-288.38249999999994
30714,2020-12-14 00:00:00,20:00,2020-12-14 20:00:00,,0.0,-22.9,-25.5,-66.04500000000002,5.0,-222.35500000000008
30714,2020-12-14 00:00:00,08:00,2020-12-14 08:00:00,21.0,0.0,-28.9,-31.4,-66.04500000000002,5.0,-222.35500000000008
30714,2020-12-13 00:00:00,20:00,2020-12-13 20:00:00,,0.0,-27.6,-30.0,-72.72000000000007,4.0,-156.31000000000006
30714,2020-12-13 00:00:00,08:00,2020-12-13 08:00:00,21.0,0.0,-33.0,-35.4,-72.72000000000007,4.0,-156.31000000000006
30714,2020-12-12 00:00:00,20:00,2020-12-12 20:00:00,,0.7,-19.5,-21.4,-48.289999999999985,3.0,-83.58999999999997
30714,2020-12-12 00:00:00,08:00,2020-12-12 08:00:00,21.0,0.0,-24.4,-26.9,-48.289999999999985,3.0,-83.58999999999997
30714,2020-11-12 00:00:00,20:00,2020-11-12 20:00:00,,0.0,-24.3,-26.8,-66.85749999999985,1.0,-75.02499999999985
30714,2020-11-12 00:00:00,08:00,2020-11-12 08:00:00,21.0,0.0,-32.6,-34.8,-66.85749999999985,1.0,-75.02499999999985
30714,2020-10-12 00:00:00,20:00,2020-10-12 20:00:00,,0.0,-28.6,-31.0,-72.39749999999998,6.0,101.64500000000004
30714,2020-10-12 00:00:00,08:00,2020-10-12 08:00:00,21.0,0.5,-30.5,-33.0,-72.39749999999998,6.0,101.64500000000004
30714,2020-09-12 00:00:00,20:00,2020-09-12 20:00:00,,1.0,-12.4,-14.4,-32.077499999999986,2.0,-51.42499999999998
30714,2020-09-12 00:00:00,08:00,2020-09-12 08:00:00,20.0,0.0,-20.5,-22.4,-32.077499999999986,2.0,-51.42499999999998
30714,2020-08-12 00:00:00,20:00,2020-08-12 20:00:00,,0.0,-15.6,-16.9,-39.13999999999997,2.0,-45.89999999999997
30714,2020-08-12 00:00:00,08:00,2020-08-12 08:00:00,20.0,0.0,-25.6,-28.1,-39.13999999999997,2.0,-45.89999999999997
30714,2020-07-12 00:00:00,20:00,2020-07-12 20:00:00,,0.0,-18.1,-20.0,-39.13999999999997,4.0,-8.484999999999953
30714,2020-07-12 00:00:00,08:00,2020-07-12 08:00:00,20.0,0.0,-23.1,-25.0,-39.13999999999997,4.0,-8.484999999999953
30714,2020-06-12 00:00:00,20:00,2020-06-12 20:00:00,,0.0,-22.0,-23.9,-56.649999999999984,1.0,-66.70749999999998
30714,2020-06-12 00:00:00,08:00,2020-06-12 08:00:00,20.0,0.0,-29.5,-32.0,-56.649999999999984,1.0,-66.70749999999998
30714,2020-05-12 00:00:00,20:00,2020-05-12 20:00:00,,0.3,-16.2,-18.1,-47.622500000000045,3.0,-68.17250000000006
30714,2020-05-12 00:00:00,08:00,2020-05-12 08:00:00,20.0,0.0,-28.1,-30.5,-47.622500000000045,3.0,-68.17250000000006
30714,2020-04-12 00:00:00,20:00,2020-04-12 20:00:00,,0.0,-22.7,-25.2,-64.5,6.0,69.41250000000002
30714,2020-04-12 00:00:00,08:00,2020-04-12 08:00:00,20.0,0.0,-28.9,-31.4,-64.5,6.0,69.41250000000002
30714,2020-03-12 00:00:00,20:00,2020-03-12 20:00:00,,0.0,-22.5,-25.0,-63.125,4.0,-38.74499999999994
30714,2020-03-12 00:00:00,08:00,2020-03-12 08:00:00,20.0,0.0,-28.0,-30.5,-63.125,4.0,-38.74499999999994
30714,2020-02-12 00:00:00,20:00,2020-02-12 20:00:00,,0.0,-19.5,-21.4,-36.28999999999998,6.0,199.60750000000002
30714,2020-02-12 00:00:00,08:00,2020-02-12 08:00:00,20.0,0.2,-18.7,-20.6,-36.28999999999998,6.0,199.60750000000002
30714,2020-01-12 00:00:00,20:00,2020-01-12 20:00:00,,0.0,-12.1,-14.1,-30.80999999999999,1.0,-48.834999999999994
30714,2020-01-12 00:00:00,08:00,2020-01-12 08:00:00,20.0,0.0,-19.5,-21.4,-30.80999999999999,1.0,-48.834999999999994
30714,2020-11-30 00:00:00,20:00,2020-11-30 20:00:00,,0.0,-13.9,-15.2,-30.51750000000004,6.0,-251.5525
30714,2020-11-30 00:00:00,08:00,2020-11-30 08:00:00,21.0,0.0,-17.4,-20.0,-30.51750000000004,6.0,-251.5525
30714,2020-11-29 00:00:00,20:00,2020-11-29 20:00:00,,0.0,-18.5,-21.1,-56.0,5.0,-221.03499999999997
30714,2020-11-29 00:00:00,08:00,2020-11-29 08:00:00,21.0,0.0,-26.3,-28.7,-56.0,5.0,-221.03499999999997
30714,2020-11-28 00:00:00,20:00,2020-11-28 20:00:00,,0.0,-21.1,-23.0,-55.4399999999999,4.0,-165.03499999999997
30714,2020-11-28 00:00:00,08:00,2020-11-28 08:00:00,22.0,0.0,-29.3,-31.8,-55.4399999999999,4.0,-165.03499999999997
30714,2020-11-27 00:00:00,20:00,2020-11-27 20:00:00,,0.0,-22.5,-25.0,-52.56750000000005,3.0,-109.59500000000006
30714,2020-11-27 00:00:00,08:00,2020-11-27 08:00:00,22.0,0.0,-26.4,-28.2,-52.56750000000005,3.0,-109.59500000000006
30714,2020-11-26 00:00:00,20:00,2020-11-26 20:00:00,,0.0,-12.5,-14.5,-28.177499999999988,2.0,-57.027499999999996
30714,2020-11-26 00:00:00,08:00,2020-11-26 08:00:00,24.0,0.0,-16.4,-18.3,-28.177499999999988,2.0,-57.027499999999996
30714,2020-11-25 00:00:00,20:00,2020-11-25 20:00:00,,0.2,-12.3,-14.3,-14.885000000000007,1.0,-28.85000000000001
30714,2020-11-25 00:00:00,08:00,2020-11-25 08:00:00,24.0,1.0,-10.6,-11.2,-14.885000000000007,1.0,-28.85000000000001
30714,2020-11-24 00:00:00,20:00,2020-11-24 20:00:00,,3.0,-9.5,-11.6,-13.965000000000002,0.0,-13.965000000000002
30714,2020-11-24 00:00:00,08:00,2020-11-24 08:00:00,20.0,3.0,-5.2,-6.9,-13.965000000000002,0.0,-13.965000000000002
30714,2020-11-23 00:00:00,20:00,2020-11-23 20:00:00,,0.0,-1.2,-3.7,-5.795,12.0,-311.8299999999998
30714,2020-11-23 00:00:00,08:00,2020-11-23 08:00:00,16.0,0.0,-4.9,-6.2,-5.795,12.0,-311.8299999999998
30714,2020-11-22 00:00:00,20:00,2020-11-22 20:00:00,,0.0,-3.7,-7.1,-16.332500000000007,11.0,-306.0349999999998
30714,2020-11-22 00:00:00,08:00,2020-11-22 08:00:00,17.0,0.0,-10.2,-11.5,-16.332500000000007,11.0,-306.0349999999998
30714,2020-11-21 00:00:00,20:00,2020-11-21 20:00:00,,0.0,-15.2,-16.5,-13.157500000000015,10.0,-289.7024999999998
30714,2020-11-21 00:00:00,08:00,2020-11-21 08:00:00,17.0,0.0,-12.5,-13.1,-13.157500000000015,10.0,-289.7024999999998
30714,2020-11-20 00:00:00,20:00,2020-11-20 20:00:00,,0.0,-13.1,-15.1,-42.77999999999995,9.0,-276.5449999999998
30714,2020-11-20 00:00:00,08:00,2020-11-20 08:00:00,18.0,0.0,-24.1,-26.7,-42.77999999999995,9.0,-276.5449999999998
30714,2020-11-19 00:00:00,20:00,2020-11-19 20:00:00,,0.0,-20.5,-23.1,-40.71000000000001,8.0,-233.76499999999982
30714,2020-11-19 00:00:00,08:00,2020-11-19 08:00:00,18.0,2.0,-14.9,-16.9,-40.71000000000001,8.0,-233.76499999999982
30714,2020-11-18 00:00:00,20:00,2020-11-18 20:00:00,,0.8,-7.5,-10.5,-22.144999999999985,7.0,-193.0549999999998
30714,2020-11-18 00:00:00,08:00,2020-11-18 08:00:00,14.0,0.2,-13.1,-14.4,-22.144999999999985,7.0,-193.0549999999998
30714,2020-11-17 00:00:00,20:00,2020-11-17 20:00:00,,0.0,-13.9,-15.9,-27.359999999999967,6.0,-170.90999999999983
30714,2020-11-17 00:00:00,08:00,2020-11-17 08:00:00,14.0,0.0,-20.3,-21.5,-27.359999999999967,6.0,-170.90999999999983
30714,2020-11-16 00:00:00,20:00,2020-11-16 20:00:00,,0.0,-12.5,-13.8,-17.29000000000001,5.0,-143.54999999999987
30714,2020-11-16 00:00:00,08:00,2020-11-16 08:00:00,14.0,0.0,-14.1,-15.4,-17.29000000000001,5.0,-143.54999999999987
30714,2020-11-15 00:00:00,20:00,2020-11-15 20:00:00,,0.0,-9.4,-11.5,-29.5,4.0,-126.25999999999985
30714,2020-11-15 00:00:00,08:00,2020-11-15 08:00:00,15.0,0.0,-20.1,-22.0,-29.5,4.0,-126.25999999999985
30714,2020-11-14 00:00:00,20:00,2020-11-14 20:00:00,,0.5,-4.9,-7.3,-10.919999999999998,3.0,-96.75999999999985
30714,2020-11-14 00:00:00,08:00,2020-11-14 08:00:00,17.0,2.0,-5.5,-7.3,-10.919999999999998,3.0,-96.75999999999985
30714,2020-11-13 00:00:00,20:00,2020-11-13 20:00:00,,0.0,0.4,-3.2,-10.815000000000001,2.0,-85.83999999999985
30714,2020-11-13 00:00:00,08:00,2020-11-13 08:00:00,12.0,0.0,-10.7,-11.3,-10.815000000000001,2.0,-85.83999999999985
30714,2020-12-11 00:00:00,20:00,2020-12-11 20:00:00,,0.0,-7.5,-8.8,-21.679999999999996,2.0,-35.3
30714,2020-12-11 00:00:00,08:00,2020-12-11 08:00:00,12.0,0.0,-19.6,-21.5,-21.679999999999996,2.0,-35.3
30714,2020-11-11 00:00:00,20:00,2020-11-11 20:00:00,,3.0,-6.4,-8.0,-8.167499999999999,0.0,-8.167499999999999
30714,2020-11-11 00:00:00,08:00,2020-11-11 08:00:00,8.0,0.0,-5.7,-6.8,-8.167499999999999,0.0,-8.167499999999999
30714,2020-10-11 00:00:00,20:00,2020-10-11 20:00:00,,0.0,-4.0,-4.8,-7.350000000000005,5.0,174.04250000000002
30714,2020-10-11 00:00:00,08:00,2020-10-11 08:00:00,9.0,0.0,-10.0,-11.3,-7.350000000000005,5.0,174.04250000000002
30714,2020-09-11 00:00:00,20:00,2020-09-11 20:00:00,,0.0,-4.7,-6.3,-12.759999999999994,1.0,-19.347499999999997
30714,2020-09-11 00:00:00,08:00,2020-09-11 08:00:00,10.0,0.0,-12.9,-14.2,-12.759999999999994,1.0,-19.347499999999997
30714,2020-08-11 00:00:00,20:00,2020-08-11 20:00:00,,0.0,-3.7,-4.5,-5.5,1.0,-6.76
30714,2020-08-11 00:00:00,08:00,2020-08-11 08:00:00,16.0,0.0,-5.1,-6.8,-5.5,1.0,-6.76
30714,2020-07-11 00:00:00,20:00,2020-07-11 20:00:00,,0.0,-11.0,-12.3,-17.09500000000001,3.0,30.65500000000002
30714,2020-07-11 00:00:00,08:00,2020-07-11 08:00:00,17.0,0.3,-15.3,-16.6,-17.09500000000001,3.0,30.65500000000002
30714,2020-06-11 00:00:00,20:00,2020-06-11 20:00:00,,4.0,-6.5,-7.7,-10.057500000000005,0.0,-10.057500000000005
30714,2020-06-11 00:00:00,08:00,2020-06-11 08:00:00,16.0,0.0,-8.4,-9.9,-10.057500000000005,0.0,-10.057500000000005
30714,2020-05-11 00:00:00,20:00,2020-05-11 20:00:00,,0.0,-5.1,-7.2,-18.190000000000012,2.0,-20.55000000000001
30714,2020-05-11 00:00:00,08:00,2020-05-11 08:00:00,17.0,1.0,-16.3,-17.6,-18.190000000000012,2.0,-20.55000000000001
30714,2020-04-11 00:00:00,20:00,2020-04-11 20:00:00,,2.0,-2.8,-3.8,-8.68249999999999,5.0,133.91250000000002
30714,2020-04-11 00:00:00,08:00,2020-04-11 08:00:00,12.0,0.0,-12.3,-13.6,-8.68249999999999,5.0,133.91250000000002
30714,2020-03-11 00:00:00,20:00,2020-03-11 20:00:00,,0.0,-3.4,-4.8,-11.002499999999998,3.0,24.38000000000006
30714,2020-03-11 00:00:00,08:00,2020-03-11 08:00:00,14.0,0.0,-12.9,-14.2,-11.002499999999998,3.0,24.38000000000006
30714,2020-02-11 00:00:00,20:00,2020-02-11 20:00:00,,0.0,-7.8,-9.2,-21.862500000000004,5.0,235.89749999999998
30714,2020-02-11 00:00:00,08:00,2020-02-11 08:00:00,15.0,0.0,-18.7,-20.6,-21.862500000000004,5.0,235.89749999999998
30714,2020-01-11 00:00:00,20:00,2020-01-11 20:00:00,,0.7,-12.1,-14.1,-18.025000000000002,0.0,-18.025000000000002
30714,2020-01-11 00:00:00,08:00,2020-01-11 08:00:00,19.0,5.0,-8.5,-10.0,-18.025000000000002,0.0,-18.025000000000002
30714,2020-10-31 00:00:00,20:00,2020-10-31 20:00:00,,4.0,-2.5,-3.1,-10.660000000000005,0.0,-10.660000000000005
30714,2020-10-31 00:00:00,08:00,2020-10-31 08:00:00,10.0,0.0,-13.9,-15.9,-10.660000000000005,0.0,-10.660000000000005
30714,2020-10-30 00:00:00,20:00,2020-10-30 20:00:00,,0.7,-8.1,-9.9,-6.0074999999999985,0.0,-6.0074999999999985
30714,2020-10-30 00:00:00,08:00,2020-10-30 08:00:00,13.0,6.0,-0.8,-1.7,-6.0074999999999985,0.0,-6.0074999999999985
30714,2020-10-29 00:00:00,20:00,2020-10-29 20:00:00,,0.0,0.4,-2.3,-2.9375,10.0,-117.01500000000001
30714,2020-10-29 00:00:00,08:00,2020-10-29 08:00:00,,0.0,-2.9,-4.9,-2.9375,10.0,-117.01500000000001
30714,2020-10-28 00:00:00,20:00,2020-10-28 20:00:00,,0.0,-2.8,-5.1,-9.497499999999997,9.0,-114.07750000000001
30714,2020-10-28 00:00:00,08:00,2020-10-28 08:00:00,,0.0,-10.3,-10.9,-9.497499999999997,9.0,-114.07750000000001
30714,2020-10-27 00:00:00,20:00,2020-10-27 20:00:00,,0.0,-3.5,-5.3,-14.250000000000004,8.0,-104.58000000000001
30714,2020-10-27 00:00:00,08:00,2020-10-27 08:00:00,1.0,0.0,-11.5,-13.5,-14.250000000000004,8.0,-104.58000000000001
30714,2020-10-26 00:00:00,20:00,2020-10-26 20:00:00,,0.0,-7.1,-11.4,-29.400000000000006,7.0,-90.33000000000001
30714,2020-10-26 00:00:00,08:00,2020-10-26 08:00:00,2.0,0.2,-13.9,-15.2,-29.400000000000006,7.0,-90.33000000000001
30714,2020-10-25 00:00:00,20:00,2020-10-25 20:00:00,,1.0,-3.5,-8.3,-4.225000000000001,6.0,-60.93
30714,2020-10-25 00:00:00,08:00,2020-10-25 08:00:00,,0.0,0.9,-0.8,-4.225000000000001,6.0,-60.93
30714,2020-10-24 00:00:00,20:00,2020-10-24 20:00:00,,0.0,-0.1,-3.1,-9.5625,5.0,-56.705
30714,2020-10-24 00:00:00,08:00,2020-10-24 08:00:00,,0.0,-8.4,-9.9,-9.5625,5.0,-56.705
30714,2020-10-23 00:00:00,20:00,2020-10-23 20:00:00,,0.0,-1.9,-6.0,-16.1025,4.0,-47.1425
30714,2020-10-23 00:00:00,08:00,2020-10-23 08:00:00,,0.0,-9.4,-11.0,-16.1025,4.0,-47.1425
30714,2020-10-22 00:00:00,20:00,2020-10-22 20:00:00,,0.0,-2.5,-4.4,-10.480000000000004,3.0,-31.04
30714,2020-10-22 00:00:00,08:00,2020-10-22 08:00:00,Снежный покров не постоянный.,0.0,-10.6,-11.9,-10.480000000000004,3.0,-31.04
30714,2020-10-21 00:00:00,20:00,2020-10-21 20:00:00,,0.0,-2.7,-4.3,-8.024999999999999,2.0,-20.559999999999995
30714,2020-10-21 00:00:00,08:00,2020-10-21 08:00:00,1.0,0.0,-8.0,-9.4,-8.024999999999999,2.0,-20.559999999999995
30714,2020-10-20 00:00:00,20:00,2020-10-20 20:00:00,,0.0,-5.7,-7.5,-7.574999999999997,1.0,-12.534999999999997
30714,2020-10-20 00:00:00,08:00,2020-10-20 08:00:00,7.0,1.0,-4.4,-5.6,-7.574999999999997,1.0,-12.534999999999997
30714,2020-10-19 00:00:00,20:00,2020-10-19 20:00:00,,4.0,-3.0,-4.3,-4.96,0.0,-4.96
30714,2020-10-19 00:00:00,08:00,2020-10-19 08:00:00,,0.0,-3.4,-5.2,-4.96,0.0,-4.96
30714,2020-10-18 00:00:00,20:00,2020-10-18 20:00:00,,0.0,0.3,-2.4,-5.415,12.0,55.40500000000002
30714,2020-10-18 00:00:00,08:00,2020-10-18 08:00:00,,0.0,-6.0,-7.1,-5.415,12.0,55.40500000000002
30714,2020-10-17 00:00:00,20:00,2020-10-17 20:00:00,,0.0,-2.0,-3.3,-1.89,11.0,60.82000000000002
30714,2020-10-17 00:00:00,08:00,2020-10-17 08:00:00,Менее 0.5,1.0,-0.7,-2.2,-1.89,11.0,60.82000000000002
30714,2020-10-16 00:00:00,20:00,2020-10-16 20:00:00,,0.3,1.9,0.0,2.7300000000000004,10.0,62.71000000000002
30714,2020-10-16 00:00:00,08:00,2020-10-16 08:00:00,,0.0,0.2,-3.1,2.7300000000000004,10.0,62.71000000000002
30714,2020-10-15 00:00:00,20:00,2020-10-15 20:00:00,,0.0,-1.6,-7.2,-9.52,9.0,59.98000000000002
30714,2020-10-15 00:00:00,08:00,2020-10-15 08:00:00,1.0,0.0,-4.0,-5.2,-9.52,9.0,59.98000000000002
30714,2020-10-14 00:00:00,20:00,2020-10-14 20:00:00,,0.0,1.0,-1.6,-6.044999999999999,8.0,69.50000000000001
30714,2020-10-14 00:00:00,08:00,2020-10-14 08:00:00,2.0,0.0,-7.2,-8.5,-6.044999999999999,8.0,69.50000000000001
30714,2020-10-13 00:00:00,20:00,2020-10-13 20:00:00,,0.0,-5.8,-8.4,-26.10000000000002,7.0,75.54500000000002
30714,2020-10-13 00:00:00,08:00,2020-10-13 08:00:00,3.0,0.0,-17.4,-19.3,-26.10000000000002,7.0,75.54500000000002
30714,2020-12-10 00:00:00,20:00,2020-12-10 20:00:00,,0.0,-6.2,-9.8,-19.38,1.0,-13.620000000000001
30714,2020-12-10 00:00:00,08:00,2020-12-10 08:00:00,7.0,1.0,-7.4,-9.5,-19.38,1.0,-13.620000000000001
30714,2020-11-10 00:00:00,20:00,2020-11-10 20:00:00,,3.0,-3.1,-4.5,-14.704999999999995,0.0,-14.704999999999995
30714,2020-11-10 00:00:00,08:00,2020-11-10 08:00:00,5.0,0.0,-14.2,-16.2,-14.704999999999995,0.0,-14.704999999999995
30714,2020-10-10 00:00:00,20:00,2020-10-10 20:00:00,,0.0,-5.0,-7.8,-17.937500000000007,4.0,181.3925
30714,2020-10-10 00:00:00,08:00,2020-10-10 08:00:00,10.0,0.0,-12.5,-13.8,-17.937500000000007,4.0,181.3925
30714,2020-09-10 00:00:00,20:00,2020-09-10 20:00:00,,5.0,-3.3,-5.4,-6.587500000000003,0.0,-6.587500000000003
30714,2020-09-10 00:00:00,08:00,2020-09-10 08:00:00,,0.0,-5.2,-6.2,-6.587500000000003,0.0,-6.587500000000003
30714,2020-08-10 00:00:00,20:00,2020-08-10 20:00:00,,3.0,0.0,-0.6,-1.26,0.0,-1.26
30714,2020-08-10 00:00:00,08:00,2020-08-10 08:00:00,,0.0,-3.6,-4.4,-1.26,0.0,-1.26
30714,2020-07-10 00:00:00,20:00,2020-07-10 20:00:00,,2.0,-2.1,-3.7,-2.3800000000000003,2.0,47.75000000000003
30714,2020-07-10 00:00:00,08:00,2020-07-10 08:00:00,,0.0,0.4,-3.6,-2.3800000000000003,2.0,47.75000000000003
30714,2020-06-10 00:00:00,20:00,2020-06-10 20:00:00,,0.0,0.9,-4.7,-12.395000000000003,1.0,9.704999999999995
30714,2020-06-10 00:00:00,08:00,2020-06-10 08:00:00,,0.0,-7.6,-9.4,-12.395000000000003,1.0,9.704999999999995
30714,2020-05-10 00:00:00,20:00,2020-05-10 20:00:00,,0.0,1.4,-4.8,-12.919999999999998,1.0,-2.360000000000001
30714,2020-05-10 00:00:00,08:00,2020-05-10 08:00:00,,0.0,-8.2,-9.6,-12.919999999999998,1.0,-2.360000000000001
30714,2020-04-10 00:00:00,20:00,2020-04-10 20:00:00,,0.0,-0.1,-6.4,-12.915,4.0,142.59500000000003
30714,2020-04-10 00:00:00,08:00,2020-04-10 08:00:00,,0.0,-6.2,-8.1,-12.915,4.0,142.59500000000003
30714,2020-03-10 00:00:00,20:00,2020-03-10 20:00:00,,0.0,-3.3,-8.8,-17.205000000000005,2.0,35.38250000000006
30714,2020-03-10 00:00:00,08:00,2020-03-10 08:00:00,4.0,0.0,-6.0,-7.9,-17.205000000000005,2.0,35.38250000000006
30714,2020-02-10 00:00:00,20:00,2020-02-10 20:00:00,,2.0,-1.1,-2.6,-2.6599999999999997,4.0,257.76
30714,2020-02-10 00:00:00,08:00,2020-02-10 08:00:00,Менее 0.5,0.4,-2.7,-4.0,-2.6599999999999997,4.0,257.76
30714,2020-01-10 00:00:00,20:00,2020-01-10 20:00:00,,0.0,-0.8,-4.7,-7.65,5.0,136.70499999999993
30714,2020-01-10 00:00:00,08:00,2020-01-10 08:00:00,,0.0,-3.7,-6.6,-7.65,5.0,136.70499999999993
30714,2020-09-30 00:00:00,20:00,2020-09-30 20:00:00,,2.0,1.3,-2.5,2.6950000000000003,11.0,216.41500000000002
30714,2020-09-30 00:00:00,08:00,2020-09-30 08:00:00,,2.0,0.9,-0.2,2.6950000000000003,11.0,216.41500000000002
30714,2020-09-29 00:00:00,20:00,2020-09-29 20:00:00,,0.0,3.7,-1.2,-5.27,10.0,213.72000000000003
30714,2020-09-29 00:00:00,08:00,2020-09-29 08:00:00,,0.0,-7.1,-8.4,-5.27,10.0,213.72000000000003
30714,2020-09-28 00:00:00,20:00,2020-09-28 20:00:00,,0.0,4.8,0.7,2.4225,9.0,218.99000000000004
30714,2020-09-28 00:00:00,08:00,2020-09-28 08:00:00,,0.0,-2.9,-3.9,2.4225,9.0,218.99000000000004
30714,2020-09-27 00:00:00,20:00,2020-09-27 20:00:00,,0.5,4.3,0.1,10.217499999999998,8.0,216.56750000000002
30714,2020-09-27 00:00:00,08:00,2020-09-27 08:00:00,,0.0,2.4,0.5,10.217499999999998,8.0,216.56750000000002
30714,2020-09-26 00:00:00,20:00,2020-09-26 20:00:00,,0.0,7.2,3.2,72.60000000000001,7.0,206.35000000000002
30714,2020-09-26 00:00:00,08:00,2020-09-26 08:00:00,,0.0,9.3,-4.3,72.60000000000001,7.0,206.35000000000002
30714,2020-09-25 00:00:00,20:00,2020-09-25 20:00:00,,0.0,12.5,-8.2,73.57499999999999,6.0,133.75
30714,2020-09-25 00:00:00,08:00,2020-09-25 08:00:00,,0.0,1.0,-0.1,73.57499999999999,6.0,133.75
30714,2020-09-24 00:00:00,20:00,2020-09-24 20:00:00,,0.0,8.5,5.6,7.980000000000002,5.0,60.17500000000002
30714,2020-09-24 00:00:00,08:00,2020-09-24 08:00:00,,0.0,-0.1,-1.0,7.980000000000002,5.0,60.17500000000002
30714,2020-09-23 00:00:00,20:00,2020-09-23 20:00:00,,0.0,9.3,5.6,8.970000000000004,4.0,52.195000000000014
30714,2020-09-23 00:00:00,08:00,2020-09-23 08:00:00,,0.0,-1.5,-2.4,8.970000000000004,4.0,52.195000000000014
30714,2020-09-22 00:00:00,20:00,2020-09-22 20:00:00,,0.0,11.0,4.3,18.810000000000002,3.0,43.22500000000001
30714,2020-09-22 00:00:00,08:00,2020-09-22 08:00:00,,0.0,-1.1,-2.0,18.810000000000002,3.0,43.22500000000001
30714,2020-09-21 00:00:00,20:00,2020-09-21 20:00:00,,0.0,9.3,6.0,9.840000000000005,2.0,24.415000000000006
30714,2020-09-21 00:00:00,08:00,2020-09-21 08:00:00,,0.0,0.3,-0.5,9.840000000000005,2.0,24.415000000000006
30714,2020-09-20 00:00:00,20:00,2020-09-20 20:00:00,,0.0,9.2,4.7,11.475000000000001,1.0,14.575000000000001
30714,2020-09-20 00:00:00,08:00,2020-09-20 08:00:00,,0.0,-0.7,-1.6,11.475000000000001,1.0,14.575000000000001
30714,2020-09-19 00:00:00,20:00,2020-09-19 20:00:00,,3.0,5.5,4.3,3.1,0.0,3.1
30714,2020-09-19 00:00:00,08:00,2020-09-19 08:00:00,,0.0,0.7,-0.1,3.1,0.0,3.1
30714,2020-09-18 00:00:00,20:00,2020-09-18 20:00:00,,0.0,13.8,9.1,16.240000000000006,3.0,46.86250000000002
30714,2020-09-18 00:00:00,08:00,2020-09-18 08:00:00,,0.0,-2.2,-3.1,16.240000000000006,3.0,46.86250000000002
30714,2020-09-17 00:00:00,20:00,2020-09-17 20:00:00,,0.0,10.8,7.3,8.507500000000004,2.0,30.622500000000013
30714,2020-09-17 00:00:00,08:00,2020-09-17 08:00:00,,0.0,-2.5,-3.1,8.507500000000004,2.0,30.622500000000013
30714,2020-09-16 00:00:00,20:00,2020-09-16 20:00:00,,0.0,8.3,5.9,6.022500000000002,1.0,22.11500000000001
30714,2020-09-16 00:00:00,08:00,2020-09-16 08:00:00,,0.0,-1.0,-1.9,6.022500000000002,1.0,22.11500000000001
30714,2020-09-15 00:00:00,20:00,2020-09-15 20:00:00,,0.0,9.3,7.8,16.09250000000001,0.0,16.09250000000001
30714,2020-09-15 00:00:00,08:00,2020-09-15 08:00:00,,6.0,6.4,3.8,16.09250000000001,0.0,16.09250000000001
30714,2020-09-14 00:00:00,20:00,2020-09-14 20:00:00,,4.0,5.5,3.6,9.975,0.0,9.975
30714,2020-09-14 00:00:00,08:00,2020-09-14 08:00:00,,18.0,5.0,3.1,9.975,0.0,9.975
30714,2020-09-13 00:00:00,20:00,2020-09-13 20:00:00,,1.0,5.8,3.7,7.982500000000002,0.0,7.982500000000002
30714,2020-09-13 00:00:00,08:00,2020-09-13 08:00:00,,3.0,4.5,3.5,7.982500000000002,0.0,7.982500000000002
30714,2020-12-09 00:00:00,20:00,2020-12-09 20:00:00,,7.0,5.6,4.4,5.759999999999999,0.0,5.759999999999999
30714,2020-12-09 00:00:00,08:00,2020-12-09 08:00:00,,29.0,4.0,2.8,5.759999999999999,0.0,5.759999999999999
30714,2020-11-09 00:00:00,20:00,2020-11-09 20:00:00,,2.0,7.4,5.8,9.225000000000001,0.0,9.225000000000001
30714,2020-11-09 00:00:00,08:00,2020-11-09 08:00:00,,6.0,4.9,3.5,9.225000000000001,0.0,9.225000000000001
30714,2020-10-09 00:00:00,20:00,2020-10-09 20:00:00,,0.0,12.9,8.1,27.930000000000017,3.0,199.33
30714,2020-10-09 00:00:00,08:00,2020-10-09 08:00:00,,0.0,6.7,5.8,27.930000000000017,3.0,199.33
30714,2020-09-09 00:00:00,20:00,2020-09-09 20:00:00,,0.0,,14.7,-23.939999999999998,0.0,-23.939999999999998
30714,2020-09-09 00:00:00,08:00,2020-09-09 08:00:00,,13.0,8.4,7.8,-23.939999999999998,0.0,-23.939999999999998
30714,2020-08-09 00:00:00,20:00,2020-08-09 20:00:00,,0.8,11.1,9.9,10.55,1.0,18.154999999999983
30714,2020-08-09 00:00:00,08:00,2020-08-09 08:00:00,,0.0,10.0,9.2,10.55,1.0,18.154999999999983
30714,2020-07-09 00:00:00,20:00,2020-07-09 20:00:00,,0.0,18.5,11.5,36.735000000000014,1.0,50.13000000000003
30714,2020-07-09 00:00:00,08:00,2020-07-09 08:00:00,,0.0,0.1,-0.8,36.735000000000014,1.0,50.13000000000003
30714,2020-06-09 00:00:00,20:00,2020-06-09 20:00:00,,0.0,9.8,5.7,22.099999999999998,0.0,22.099999999999998
30714,2020-06-09 00:00:00,08:00,2020-06-09 08:00:00,,3.0,7.2,6.1,22.099999999999998,0.0,22.099999999999998
30714,2020-05-09 00:00:00,20:00,2020-05-09 20:00:00,,20.0,11.2,9.4,10.559999999999997,0.0,10.559999999999997
30714,2020-05-09 00:00:00,08:00,2020-05-09 08:00:00,,0.0,8.0,7.6,10.559999999999997,0.0,10.559999999999997
30714,2020-04-09 00:00:00,20:00,2020-04-09 20:00:00,,0.0,18.1,13.9,31.92000000000002,3.0,155.51000000000002
30714,2020-04-09 00:00:00,08:00,2020-04-09 08:00:00,,0.0,4.3,2.8,31.92000000000002,3.0,155.51000000000002
30714,2020-03-09 00:00:00,20:00,2020-03-09 20:00:00,,0.0,15.9,13.4,24.60500000000002,1.0,52.58750000000006
30714,2020-03-09 00:00:00,08:00,2020-03-09 08:00:00,,1.0,10.7,9.5,24.60500000000002,1.0,52.58750000000006
30714,2020-02-09 00:00:00,20:00,2020-02-09 20:00:00,,0.0,14.1,11.3,17.424999999999997,3.0,260.42
30714,2020-02-09 00:00:00,08:00,2020-02-09 08:00:00,,0.0,2.9,1.6,17.424999999999997,3.0,260.42
30714,2020-01-09 00:00:00,20:00,2020-01-09 20:00:00,,0.0,13.0,9.9,18.724999999999998,4.0,144.35499999999993
30714,2020-01-09 00:00:00,08:00,2020-01-09 08:00:00,,0.7,8.4,8.0,18.724999999999998,4.0,144.35499999999993
30714,2020-08-31 00:00:00,20:00,2020-08-31 20:00:00,,2.0,11.2,10.2,14.494999999999987,0.0,14.494999999999987
30714,2020-08-31 00:00:00,08:00,2020-08-31 08:00:00,,4.0,11.1,9.5,14.494999999999987,0.0,14.494999999999987
30714,2020-08-30 00:00:00,20:00,2020-08-30 20:00:00,,6.0,11.4,10.6,7.980000000000012,0.0,7.980000000000012
30714,2020-08-30 00:00:00,08:00,2020-08-30 08:00:00,,15.0,11.4,10.8,7.980000000000012,0.0,7.980000000000012
30714,2020-08-29 00:00:00,20:00,2020-08-29 20:00:00,,6.0,13.9,12.8,9.094999999999976,0.0,9.094999999999976
30714,2020-08-29 00:00:00,08:00,2020-08-29 08:00:00,,0.0,7.5,6.9,9.094999999999976,0.0,9.094999999999976
30714,2020-08-28 00:00:00,20:00,2020-08-28 20:00:00,,8.0,14.2,12.9,10.497499999999995,0.0,10.497499999999995
30714,2020-08-28 00:00:00,08:00,2020-08-28 08:00:00,,6.0,10.5,10.1,10.497499999999995,0.0,10.497499999999995
30714,2020-08-27 00:00:00,20:00,2020-08-27 20:00:00,,8.0,12.4,10.5,15.480000000000015,0.0,15.480000000000015
30714,2020-08-27 00:00:00,08:00,2020-08-27 08:00:00,,5.0,13.4,12.9,15.480000000000015,0.0,15.480000000000015
30714,2020-08-26 00:00:00,20:00,2020-08-26 20:00:00,,0.0,16.4,13.2,24.03499999999998,1.0,61.369999999999976
30714,2020-08-26 00:00:00,08:00,2020-08-26 08:00:00,,0.0,8.9,8.3,24.03499999999998,1.0,61.369999999999976
30714,2020-08-25 00:00:00,20:00,2020-08-25 20:00:00,,0.0,18.4,13.1,37.334999999999994,0.0,37.334999999999994
30714,2020-08-25 00:00:00,08:00,2020-08-25 08:00:00,,8.0,7.8,7.4,37.334999999999994,0.0,37.334999999999994
30714,2020-08-24 00:00:00,20:00,2020-08-24 20:00:00,,0.0,15.2,12.7,15.839999999999995,1.0,23.4775
30714,2020-08-24 00:00:00,08:00,2020-08-24 08:00:00,,0.0,4.6,3.9,15.839999999999995,1.0,23.4775
30714,2020-08-23 00:00:00,20:00,2020-08-23 20:00:00,,27.0,13.0,12.1,7.637500000000005,0.0,7.637500000000005
30714,2020-08-23 00:00:00,08:00,2020-08-23 08:00:00,,4.0,10.5,10.1,7.637500000000005,0.0,7.637500000000005
30714,2020-08-22 00:00:00,20:00,2020-08-22 20:00:00,,0.0,15.2,13.6,16.387500000000006,1.0,31.279999999999987
30714,2020-08-22 00:00:00,08:00,2020-08-22 08:00:00,,0.3,13.3,12.6,16.387500000000006,1.0,31.279999999999987
30714,2020-08-21 00:00:00,20:00,2020-08-21 20:00:00,,3.0,16.9,15.2,14.89249999999998,0.0,14.89249999999998
30714,2020-08-21 00:00:00,08:00,2020-08-21 08:00:00,,0.0,9.0,8.4,14.89249999999998,0.0,14.89249999999998
30714,2020-08-20 00:00:00,20:00,2020-08-20 20:00:00,,0.7,18.0,14.2,35.887499999999996,5.0,179.81000000000003
30714,2020-08-20 00:00:00,08:00,2020-08-20 08:00:00,,2.0,13.9,13.2,35.887499999999996,5.0,179.81000000000003
30714,2020-08-19 00:00:00,20:00,2020-08-19 20:00:00,,0.0,21.0,16.7,42.35000000000003,4.0,143.92250000000004
30714,2020-08-19 00:00:00,08:00,2020-08-19 08:00:00,,0.0,9.8,8.6,42.35000000000003,4.0,143.92250000000004
30714,2020-08-18 00:00:00,20:00,2020-08-18 20:00:00,,0.0,20.3,14.3,45.9,3.0,101.57250000000002
30714,2020-08-18 00:00:00,08:00,2020-08-18 08:00:00,,0.0,5.2,4.0,45.9,3.0,101.57250000000002
30714,2020-08-17 00:00:00,20:00,2020-08-17 20:00:00,,0.0,14.9,11.4,33.34500000000002,2.0,55.67250000000003
30714,2020-08-17 00:00:00,08:00,2020-08-17 08:00:00,,0.0,9.8,7.9,33.34500000000002,2.0,55.67250000000003
30714,2020-08-16 00:00:00,20:00,2020-08-16 20:00:00,,0.0,15.7,14.3,11.565000000000005,1.0,22.327500000000004
30714,2020-08-16 00:00:00,08:00,2020-08-16 08:00:00,,0.0,10.0,9.6,11.565000000000005,1.0,22.327500000000004
30714,2020-08-15 00:00:00,20:00,2020-08-15 20:00:00,,8.0,15.5,14.5,10.7625,0.0,10.7625
30714,2020-08-15 00:00:00,08:00,2020-08-15 08:00:00,,25.0,13.2,12.7,10.7625,0.0,10.7625
30714,2020-08-14 00:00:00,20:00,2020-08-14 20:00:00,,2.0,18.5,14.0,43.47000000000002,4.0,45.73000000000001
30714,2020-08-14 00:00:00,08:00,2020-08-14 08:00:00,,0.0,13.7,12.8,43.47000000000002,4.0,45.73000000000001
30714,2020-08-13 00:00:00,20:00,2020-08-13 20:00:00,,0.0,20.4,14.8,48.15999999999996,3.0,2.259999999999991
30714,2020-08-13 00:00:00,08:00,2020-08-13 08:00:00,,0.0,9.7,8.9,48.15999999999996,3.0,2.259999999999991
30714,2020-12-08 00:00:00,20:00,2020-12-08 20:00:00,,0.0,20.1,16.5,32.23000000000002,1.0,88.19750000000003
30714,2020-12-08 00:00:00,08:00,2020-12-08 08:00:00,,0.0,9.2,8.4,32.23000000000002,1.0,88.19750000000003
30714,2020-11-08 00:00:00,20:00,2020-11-08 20:00:00,,0.6,17.7,15.1,24.30000000000001,2.0,71.545
30714,2020-11-08 00:00:00,08:00,2020-11-08 08:00:00,,0.0,9.3,8.3,24.30000000000001,2.0,71.545
30714,2020-10-08 00:00:00,20:00,2020-10-08 20:00:00,,0.0,17.0,14.6,49.725,2.0,171.4
30714,2020-10-08 00:00:00,08:00,2020-10-08 08:00:00,,0.0,13.6,9.5,49.725,2.0,171.4
30714,2020-09-08 00:00:00,20:00,2020-09-08 20:00:00,,1.0,15.1,10.4,38.359999999999985,0.0,38.359999999999985
30714,2020-09-08 00:00:00,08:00,2020-09-08 08:00:00,,16.0,12.3,11.4,38.359999999999985,0.0,38.359999999999985
30714,2020-08-08 00:00:00,20:00,2020-08-08 20:00:00,,37.0,13.0,12.1,7.604999999999983,0.0,7.604999999999983
30714,2020-08-08 00:00:00,08:00,2020-08-08 08:00:00,,0.0,10.4,10.0,7.604999999999983,0.0,7.604999999999983
30714,2020-07-08 00:00:00,20:00,2020-07-08 20:00:00,,3.0,15.8,14.0,13.395000000000016,0.0,13.395000000000016
30714,2020-07-08 00:00:00,08:00,2020-07-08 08:00:00,,0.0,12.4,12.3,13.395000000000016,0.0,13.395000000000016
30714,2020-06-08 00:00:00,20:00,2020-06-08 20:00:00,,36.0,16.0,15.0,13.047499999999994,0.0,13.047499999999994
30714,2020-06-08 00:00:00,08:00,2020-06-08 08:00:00,,19.0,14.7,14.0,13.047499999999994,0.0,13.047499999999994
30714,2020-05-08 00:00:00,20:00,2020-05-08 20:00:00,,0.0,19.5,13.4,58.08999999999999,0.0,58.08999999999999
30714,2020-05-08 00:00:00,08:00,2020-05-08 08:00:00,,3.0,11.9,10.6,58.08999999999999,0.0,58.08999999999999
30714,2020-04-08 00:00:00,20:00,2020-04-08 20:00:00,,0.0,18.9,16.7,26.070000000000004,2.0,123.58999999999999
30714,2020-04-08 00:00:00,08:00,2020-04-08 08:00:00,,0.0,12.7,11.6,26.070000000000004,2.0,123.58999999999999
30714,2020-03-08 00:00:00,20:00,2020-03-08 20:00:00,,10.0,16.3,13.2,27.982500000000044,0.0,27.982500000000044
30714,2020-03-08 00:00:00,08:00,2020-03-08 08:00:00,,3.0,12.4,11.6,27.982500000000044,0.0,27.982500000000044
30714,2020-02-08 00:00:00,20:00,2020-02-08 20:00:00,,1.0,13.7,12.4,34.32000000000001,2.0,242.995
30714,2020-02-08 00:00:00,08:00,2020-02-08 08:00:00,,0.0,14.9,11.4,34.32000000000001,2.0,242.995
30714,2020-01-08 00:00:00,20:00,2020-01-08 20:00:00,,0.6,18.0,12.8,46.882499999999965,3.0,125.62999999999992
30714,2020-01-08 00:00:00,08:00,2020-01-08 08:00:00,,1.0,14.9,14.4,46.882499999999965,3.0,125.62999999999992
30714,2020-07-31 00:00:00,20:00,2020-07-31 20:00:00,,0.0,18.2,14.6,42.775000000000006,1.0,90.48750000000001
30714,2020-07-31 00:00:00,08:00,2020-07-31 08:00:00,,0.0,11.3,9.1,42.775000000000006,1.0,90.48750000000001
30714,2020-07-30 00:00:00,20:00,2020-07-30 20:00:00,,0.0,19.6,14.8,47.712500000000006,0.0,47.712500000000006
30714,2020-07-30 00:00:00,08:00,2020-07-30 08:00:00,,8.0,15.1,14.4,47.712500000000006,0.0,47.712500000000006
30714,2020-07-29 00:00:00,20:00,2020-07-29 20:00:00,,8.0,15.9,15.2,10.220000000000043,0.0,10.220000000000043
30714,2020-07-29 00:00:00,08:00,2020-07-29 08:00:00,,0.1,13.3,12.6,10.220000000000043,0.0,10.220000000000043
30714,2020-07-28 00:00:00,20:00,2020-07-28 20:00:00,,0.0,19.7,14.6,127.95500000000003,1.0,173.38500000000005
30714,2020-07-28 00:00:00,08:00,2020-07-28 08:00:00,,2.0,12.9,2.3,127.95500000000003,1.0,173.38500000000005
30714,2020-07-27 00:00:00,20:00,2020-07-27 20:00:00,,12.0,17.5,12.9,45.430000000000014,0.0,45.430000000000014
30714,2020-07-27 00:00:00,08:00,2020-07-27 08:00:00,,0.0,13.3,12.0,45.430000000000014,0.0,45.430000000000014
30714,2020-07-26 00:00:00,20:00,2020-07-26 20:00:00,,5.0,19.0,16.5,37.6875,0.0,37.6875
30714,2020-07-26 00:00:00,08:00,2020-07-26 08:00:00,,0.0,14.5,12.5,37.6875,0.0,37.6875
30714,2020-07-25 00:00:00,20:00,2020-07-25 20:00:00,,0.0,24.5,15.4,106.55999999999997,1.0,141.35999999999996
30714,2020-07-25 00:00:00,08:00,2020-07-25 08:00:00,,0.0,13.9,11.9,106.55999999999997,1.0,141.35999999999996
30714,2020-07-24 00:00:00,20:00,2020-07-24 20:00:00,,5.0,20.3,17.9,34.8,0.0,34.8
30714,2020-07-24 00:00:00,08:00,2020-07-24 08:00:00,,0.0,14.5,12.9,34.8,0.0,34.8
30714,2020-07-23 00:00:00,20:00,2020-07-23 20:00:00,,4.0,19.4,15.9,35.80499999999996,0.0,35.80499999999996
30714,2020-07-23 00:00:00,08:00,2020-07-23 08:00:00,,5.0,14.7,14.0,35.80499999999996,0.0,35.80499999999996
30714,2020-07-22 00:00:00,20:00,2020-07-22 20:00:00,,8.0,14.9,13.5,18.224999999999994,0.0,18.224999999999994
30714,2020-07-22 00:00:00,08:00,2020-07-22 08:00:00,,0.0,12.1,10.8,18.224999999999994,0.0,18.224999999999994
30714,2020-07-21 00:00:00,20:00,2020-07-21 20:00:00,,0.0,22.0,15.5,58.875,3.0,150.4375
30714,2020-07-21 00:00:00,08:00,2020-07-21 08:00:00,,0.0,9.4,8.4,58.875,3.0,150.4375
30714,2020-07-20 00:00:00,20:00,2020-07-20 20:00:00,,0.0,18.2,12.3,50.36249999999999,2.0,91.5625
30714,2020-07-20 00:00:00,08:00,2020-07-20 08:00:00,,0.0,7.3,5.3,50.36249999999999,2.0,91.5625
30714,2020-07-19 00:00:00,20:00,2020-07-19 20:00:00,,0.0,14.8,11.8,23.57500000000001,1.0,41.20000000000001
30714,2020-07-19 00:00:00,08:00,2020-07-19 08:00:00,,0.3,8.2,7.1,23.57500000000001,1.0,41.20000000000001
30714,2020-07-18 00:00:00,20:00,2020-07-18 20:00:00,,2.0,11.8,9.8,17.625,0.0,17.625
30714,2020-07-18 00:00:00,08:00,2020-07-18 08:00:00,,8.0,11.7,10.7,17.625,0.0,17.625
30714,2020-07-17 00:00:00,20:00,2020-07-17 20:00:00,,1.0,16.7,10.9,44.84000000000001,1.0,111.34
30714,2020-07-17 00:00:00,08:00,2020-07-17 08:00:00,,0.0,6.9,5.1,44.84000000000001,1.0,111.34
30714,2020-07-16 00:00:00,20:00,2020-07-16 20:00:00,,0.3,14.3,9.2,66.5,0.0,66.5
30714,2020-07-16 00:00:00,08:00,2020-07-16 08:00:00,,3.0,12.3,7.4,66.5,0.0,66.5
30714,2020-07-15 00:00:00,20:00,2020-07-15 20:00:00,,58.0,14.1,12.8,16.610000000000024,0.0,16.610000000000024
30714,2020-07-15 00:00:00,08:00,2020-07-15 08:00:00,,74.0,16.1,15.2,16.610000000000024,0.0,16.610000000000024
30714,2020-07-14 00:00:00,20:00,2020-07-14 20:00:00,,6.0,19.6,17.9,28.545000000000037,0.0,28.545000000000037
30714,2020-07-14 00:00:00,08:00,2020-07-14 08:00:00,,0.0,15.0,13.4,28.545000000000037,0.0,28.545000000000037
30714,2020-07-13 00:00:00,20:00,2020-07-13 20:00:00,,0.0,25.2,17.0,111.03499999999997,5.0,102.55000000000001
30714,2020-07-13 00:00:00,08:00,2020-07-13 08:00:00,,0.0,16.7,14.3,111.03499999999997,5.0,102.55000000000001
30714,2020-12-07 00:00:00,20:00,2020-12-07 20:00:00,,0.0,20.4,15.5,55.967500000000015,0.0,55.967500000000015
30714,2020-12-07 00:00:00,08:00,2020-12-07 08:00:00,,17.0,16.3,15.1,55.967500000000015,0.0,55.967500000000015
30714,2020-11-07 00:00:00,20:00,2020-11-07 20:00:00,,0.0,19.9,17.3,35.324999999999996,1.0,47.24499999999999
30714,2020-11-07 00:00:00,08:00,2020-11-07 08:00:00,,0.0,11.5,9.6,35.324999999999996,1.0,47.24499999999999
30714,2020-10-07 00:00:00,20:00,2020-10-07 20:00:00,,0.0,23.4,12.2,101.25,1.0,121.67500000000001
30714,2020-10-07 00:00:00,08:00,2020-10-07 08:00:00,,0.0,9.0,7.7,101.25,1.0,121.67500000000001
30714,2020-09-07 00:00:00,20:00,2020-09-07 20:00:00,,0.0,17.9,14.1,44.00999999999995,7.0,91.69499999999991
30714,2020-09-07 00:00:00,08:00,2020-09-07 08:00:00,,0.0,14.7,13.1,44.00999999999995,7.0,91.69499999999991
30714,2020-08-07 00:00:00,20:00,2020-08-07 20:00:00,,0.0,19.8,13.7,64.97000000000004,0.0,64.97000000000004
30714,2020-08-07 00:00:00,08:00,2020-08-07 08:00:00,,5.0,15.8,14.6,64.97000000000004,0.0,64.97000000000004
30714,2020-07-07 00:00:00,20:00,2020-07-07 20:00:00,,0.0,23.8,16.5,100.98000000000003,4.0,201.65750000000003
30714,2020-07-07 00:00:00,08:00,2020-07-07 08:00:00,,0.0,15.8,12.9,100.98000000000003,4.0,201.65750000000003
30714,2020-06-07 00:00:00,20:00,2020-06-07 20:00:00,,0.0,23.0,17.4,66.24749999999997,2.0,155.3875
30714,2020-06-07 00:00:00,08:00,2020-06-07 08:00:00,,0.5,13.3,11.6,66.24749999999997,2.0,155.3875
30714,2020-05-07 00:00:00,20:00,2020-05-07 20:00:00,,34.0,15.5,14.3,24.48000000000002,0.0,24.48000000000002
30714,2020-05-07 00:00:00,08:00,2020-05-07 08:00:00,,0.0,15.1,13.1,24.48000000000002,0.0,24.48000000000002
30714,2020-04-07 00:00:00,20:00,2020-04-07 20:00:00,,0.0,23.6,19.2,60.79999999999998,1.0,97.51999999999998
30714,2020-04-07 00:00:00,08:00,2020-04-07 08:00:00,,0.0,14.4,12.4,60.79999999999998,1.0,97.51999999999998
30714,2020-03-07 00:00:00,20:00,2020-03-07 20:00:00,,0.0,22.8,17.6,64.22500000000001,30.0,-375.0424999999998
30714,2020-03-07 00:00:00,08:00,2020-03-07 08:00:00,,0.0,13.9,12.1,64.22500000000001,30.0,-375.0424999999998
30714,2020-02-07 00:00:00,20:00,2020-02-07 20:00:00,,0.0,21.6,15.4,83.43749999999999,1.0,208.67499999999998
30714,2020-02-07 00:00:00,08:00,2020-02-07 08:00:00,,0.0,15.9,13.2,83.43749999999999,1.0,208.67499999999998
30714,2020-01-07 00:00:00,20:00,2020-01-07 20:00:00,,0.0,22.6,19.0,51.519999999999975,2.0,78.74749999999996
30714,2020-01-07 00:00:00,08:00,2020-01-07 08:00:00,,0.0,14.2,12.2,51.519999999999975,2.0,78.74749999999996
30714,2020-06-30 00:00:00,20:00,2020-06-30 20:00:00,,0.0,26.1,11.6,174.72000000000006,1.0,242.40750000000006
30714,2020-06-30 00:00:00,08:00,2020-06-30 08:00:00,,0.0,15.5,13.2,174.72000000000006,1.0,242.40750000000006
30714,2020-06-29 00:00:00,20:00,2020-06-29 20:00:00,,3.0,21.5,15.1,67.6875,0.0,67.6875
30714,2020-06-29 00:00:00,08:00,2020-06-29 08:00:00,,7.0,14.6,13.5,67.6875,0.0,67.6875
30714,2020-06-28 00:00:00,20:00,2020-06-28 20:00:00,,14.0,19.8,17.0,44.58999999999996,0.0,44.58999999999996
30714,2020-06-28 00:00:00,08:00,2020-06-28 08:00:00,,0.3,14.5,12.1,44.58999999999996,0.0,44.58999999999996
30714,2020-06-27 00:00:00,20:00,2020-06-27 20:00:00,,0.0,20.6,15.0,56.175000000000004,3.0,352.02000000000004
30714,2020-06-27 00:00:00,08:00,2020-06-27 08:00:00,,0.0,11.5,10.1,56.175000000000004,3.0,352.02000000000004
30714,2020-06-26 00:00:00,20:00,2020-06-26 20:00:00,,0.0,23.8,16.1,127.4,2.0,295.845
30714,2020-06-26 00:00:00,08:00,2020-06-26 08:00:00,,0.0,15.4,10.1,127.4,2.0,295.845
30714,2020-06-25 00:00:00,20:00,2020-06-25 20:00:00,,0.0,20.8,16.0,65.96499999999999,1.0,168.44500000000002
30714,2020-06-25 00:00:00,08:00,2020-06-25 08:00:00,,0.0,12.6,9.5,65.96499999999999,1.0,168.44500000000002
30714,2020-06-24 00:00:00,20:00,2020-06-24 20:00:00,,9.0,19.7,10.7,102.48000000000003,0.0,102.48000000000003
30714,2020-06-24 00:00:00,08:00,2020-06-24 08:00:00,,16.0,13.9,10.7,102.48000000000003,0.0,102.48000000000003
30714,2020-06-23 00:00:00,20:00,2020-06-23 20:00:00,,2.0,16.9,13.4,31.724999999999973,0.0,31.724999999999973
30714,2020-06-23 00:00:00,08:00,2020-06-23 08:00:00,,6.0,11.3,10.3,31.724999999999973,0.0,31.724999999999973
30714,2020-06-22 00:00:00,20:00,2020-06-22 20:00:00,,0.0,16.8,11.5,54.389999999999986,2.0,216.55
30714,2020-06-22 00:00:00,08:00,2020-06-22 08:00:00,,0.0,12.6,10.5,54.389999999999986,2.0,216.55
30714,2020-06-21 00:00:00,20:00,2020-06-21 20:00:00,,0.0,21.9,12.2,101.03500000000001,1.0,162.16000000000003
30714,2020-06-21 00:00:00,08:00,2020-06-21 08:00:00,,0.0,11.5,9.1,101.03500000000001,1.0,162.16000000000003
30714,2020-06-20 00:00:00,20:00,2020-06-20 20:00:00,,0.5,18.8,13.2,61.125,0.0,61.125
30714,2020-06-20 00:00:00,08:00,2020-06-20 08:00:00,,17.0,13.8,11.9,61.125,0.0,61.125
30714,2020-06-19 00:00:00,20:00,2020-06-19 20:00:00,,14.0,16.2,14.8,18.76499999999997,0.0,18.76499999999997
30714,2020-06-19 00:00:00,08:00,2020-06-19 08:00:00,,0.0,11.6,10.3,18.76499999999997,0.0,18.76499999999997
30714,2020-06-18 00:00:00,20:00,2020-06-18 20:00:00,,0.0,19.3,15.2,45.140000000000015,2.0,138.38
30714,2020-06-18 00:00:00,08:00,2020-06-18 08:00:00,,0.0,10.3,8.3,45.140000000000015,2.0,138.38
30714,2020-06-17 00:00:00,20:00,2020-06-17 20:00:00,,0.0,17.3,8.3,62.640000000000015,1.0,93.24
30714,2020-06-17 00:00:00,08:00,2020-06-17 08:00:00,,0.3,8.8,8.2,62.640000000000015,1.0,93.24
30714,2020-06-16 00:00:00,20:00,2020-06-16 20:00:00,,4.0,12.5,10.4,30.599999999999977,0.0,30.599999999999977
30714,2020-06-16 00:00:00,08:00,2020-06-16 08:00:00,,0.0,14.7,12.3,30.599999999999977,0.0,30.599999999999977
30714,2020-06-15 00:00:00,20:00,2020-06-15 20:00:00,,0.0,22.3,7.6,133.25250000000005,4.0,259.7325
30714,2020-06-15 00:00:00,08:00,2020-06-15 08:00:00,,0.0,10.4,8.8,133.25250000000005,4.0,259.7325
30714,2020-06-14 00:00:00,20:00,2020-06-14 20:00:00,,0.0,22.0,15.5,78.88999999999996,3.0,126.47999999999995
30714,2020-06-14 00:00:00,08:00,2020-06-14 08:00:00,,0.0,12.3,9.6,78.88999999999996,3.0,126.47999999999995
30714,2020-06-13 00:00:00,20:00,2020-06-13 20:00:00,,0.0,22.8,13.5,114.29749999999997,2.0,47.58999999999999
30714,2020-06-13 00:00:00,08:00,2020-06-13 08:00:00,,0.0,12.1,8.3,114.29749999999997,2.0,47.58999999999999
30714,2020-12-06 00:00:00,20:00,2020-12-06 20:00:00,,2.0,14.5,12.3,16.999999999999993,1.0,38.959999999999994
30714,2020-12-06 00:00:00,08:00,2020-12-06 08:00:00,,0.0,5.5,4.3,16.999999999999993,1.0,38.959999999999994
30714,2020-11-06 00:00:00,20:00,2020-11-06 20:00:00,,9.0,8.6,7.0,11.919999999999996,0.0,11.919999999999996
30714,2020-11-06 00:00:00,08:00,2020-11-06 08:00:00,,20.0,6.3,4.7,11.919999999999996,0.0,11.919999999999996
30714,2020-10-06 00:00:00,20:00,2020-10-06 20:00:00,,1.0,11.7,8.5,20.425000000000004,0.0,20.425000000000004
30714,2020-10-06 00:00:00,08:00,2020-10-06 08:00:00,,3.0,7.3,6.2,20.425000000000004,0.0,20.425000000000004
30714,2020-09-06 00:00:00,20:00,2020-09-06 20:00:00,,0.0,16.2,2.8,100.245,6.0,47.68499999999997
30714,2020-09-06 00:00:00,08:00,2020-09-06 08:00:00,,0.4,8.4,5.5,100.245,6.0,47.68499999999997
30714,2020-08-06 00:00:00,20:00,2020-08-06 20:00:00,,0.6,11.6,7.4,25.229999999999986,1.0,31.879999999999985
30714,2020-08-06 00:00:00,08:00,2020-08-06 08:00:00,,0.7,5.8,4.2,25.229999999999986,1.0,31.879999999999985
30714,2020-07-06 00:00:00,20:00,2020-07-06 20:00:00,,0.6,12.3,7.1,44.849999999999994,3.0,100.67750000000001
30714,2020-07-06 00:00:00,08:00,2020-07-06 08:00:00,,1.0,7.2,3.2,44.849999999999994,3.0,100.67750000000001
30714,2020-06-06 00:00:00,20:00,2020-06-06 20:00:00,,0.0,14.8,8.0,48.0,1.0,89.14000000000001
30714,2020-06-06 00:00:00,08:00,2020-06-06 08:00:00,,0.6,9.2,8.0,48.0,1.0,89.14000000000001
30714,2020-05-06 00:00:00,20:00,2020-05-06 20:00:00,,1.0,14.7,8.6,49.3,1.0,62.82
30714,2020-05-06 00:00:00,08:00,2020-05-06 08:00:00,,0.0,8.5,6.1,49.3,1.0,62.82
30714,2020-04-06 00:00:00,20:00,2020-04-06 20:00:00,,0.1,13.3,7.6,36.720000000000006,0.0,36.720000000000006
30714,2020-04-06 00:00:00,08:00,2020-04-06 08:00:00,,3.0,8.3,7.2,36.720000000000006,0.0,36.720000000000006
30714,2020-03-06 00:00:00,20:00,2020-03-06 20:00:00,,0.9,17.3,9.7,52.32000000000001,29.0,-439.2674999999998
30714,2020-03-06 00:00:00,08:00,2020-03-06 08:00:00,,0.0,4.5,2.5,52.32000000000001,29.0,-439.2674999999998
30714,2020-02-06 00:00:00,20:00,2020-02-06 20:00:00,,0.0,15.5,0.7,125.2375,0.0,125.2375
30714,2020-02-06 00:00:00,08:00,2020-02-06 08:00:00,,3.0,7.8,1.1,125.2375,0.0,125.2375
30714,2020-01-06 00:00:00,20:00,2020-01-06 20:00:00,,1.0,8.8,7.5,10.65999999999999,1.0,27.227499999999985
30714,2020-01-06 00:00:00,08:00,2020-01-06 08:00:00,,1.0,7.6,6.3,10.65999999999999,1.0,27.227499999999985
30714,2020-05-31 00:00:00,20:00,2020-05-31 20:00:00,,4.0,10.9,9.5,43.93000000000001,0.0,43.93000000000001
30714,2020-05-31 00:00:00,08:00,2020-05-31 08:00:00,,0.0,8.2,0.4,43.93000000000001,0.0,43.93000000000001
30714,2020-05-30 00:00:00,20:00,2020-05-30 20:00:00,,0.0,14.9,-4.3,107.63,9.0,648.1600000000001
30714,2020-05-30 00:00:00,08:00,2020-05-30 08:00:00,,0.0,3.9,0.2,107.63,9.0,648.1600000000001
30714,2020-05-29 00:00:00,20:00,2020-05-29 20:00:00,,0.9,7.6,2.9,19.892499999999995,8.0,540.5300000000001
30714,2020-05-29 00:00:00,08:00,2020-05-29 08:00:00,,0.0,3.3,0.7,19.892499999999995,8.0,540.5300000000001
30714,2020-05-28 00:00:00,20:00,2020-05-28 20:00:00,,0.0,6.7,1.2,21.840000000000003,7.0,520.6375
30714,2020-05-28 00:00:00,08:00,2020-05-28 08:00:00,,0.0,3.7,0.8,21.840000000000003,7.0,520.6375
30714,2020-05-27 00:00:00,20:00,2020-05-27 20:00:00,,2.0,5.4,3.0,33.82000000000001,6.0,498.7975
30714,2020-05-27 00:00:00,08:00,2020-05-27 08:00:00,,0.0,12.4,7.2,33.82000000000001,6.0,498.7975
30714,2020-05-26 00:00:00,20:00,2020-05-26 20:00:00,,0.0,21.0,10.1,98.24000000000001,5.0,464.9775
30714,2020-05-26 00:00:00,08:00,2020-05-26 08:00:00,,0.0,9.7,7.8,98.24000000000001,5.0,464.9775
30714,2020-05-25 00:00:00,20:00,2020-05-25 20:00:00,,0.6,17.2,4.9,117.5625,4.0,366.7375
30714,2020-05-25 00:00:00,08:00,2020-05-25 08:00:00,,0.0,11.3,7.1,117.5625,4.0,366.7375
30714,2020-05-24 00:00:00,20:00,2020-05-24 20:00:00,,0.0,17.0,9.6,50.925000000000004,3.0,249.175
30714,2020-05-24 00:00:00,08:00,2020-05-24 08:00:00,,0.0,4.0,1.7,50.925000000000004,3.0,249.175
30714,2020-05-23 00:00:00,20:00,2020-05-23 20:00:00,,0.0,20.2,0.3,169.57999999999998,2.0,198.25
30714,2020-05-23 00:00:00,08:00,2020-05-23 08:00:00,,0.0,7.6,3.1,169.57999999999998,2.0,198.25
30714,2020-05-22 00:00:00,20:00,2020-05-22 20:00:00,,2.0,7.2,4.9,16.56,1.0,28.67
30714,2020-05-22 00:00:00,08:00,2020-05-22 08:00:00,,2.0,7.2,4.9,16.56,1.0,28.67
30714,2020-05-21 00:00:00,20:00,2020-05-21 20:00:00,,9.0,7.9,6.6,12.110000000000003,0.0,12.110000000000003
30714,2020-05-21 00:00:00,08:00,2020-05-21 08:00:00,,6.0,9.4,7.9,12.110000000000003,0.0,12.110000000000003
30714,2020-05-20 00:00:00,20:00,2020-05-20 20:00:00,,0.4,11.9,5.9,30.689999999999998,0.0,30.689999999999998
30714,2020-05-20 00:00:00,08:00,2020-05-20 08:00:00,,5.0,7.9,7.7,30.689999999999998,0.0,30.689999999999998
30714,2020-05-19 00:00:00,20:00,2020-05-19 20:00:00,,7.0,12.0,10.3,27.029999999999983,0.0,27.029999999999983
30714,2020-05-19 00:00:00,08:00,2020-05-19 08:00:00,,0.0,8.4,4.8,27.029999999999983,0.0,27.029999999999983
30714,2020-05-18 00:00:00,20:00,2020-05-18 20:00:00,,4.0,14.4,12.2,23.845000000000027,0.0,23.845000000000027
30714,2020-05-18 00:00:00,08:00,2020-05-18 08:00:00,,3.0,10.7,9.1,23.845000000000027,0.0,23.845000000000027
30714,2020-05-17 00:00:00,20:00,2020-05-17 20:00:00,,0.0,15.4,5.9,54.49500000000001,2.0,148.005
30714,2020-05-17 00:00:00,08:00,2020-05-17 08:00:00,,0.0,1.9,-1.2,54.49500000000001,2.0,148.005
30714,2020-05-16 00:00:00,20:00,2020-05-16 20:00:00,,0.0,11.7,-4.5,75.82,1.0,93.50999999999999
30714,2020-05-16 00:00:00,08:00,2020-05-16 08:00:00,,0.0,1.9,-4.2,75.82,1.0,93.50999999999999
30714,2020-05-15 00:00:00,20:00,2020-05-15 20:00:00,,0.0,5.2,-4.1,17.690000000000005,0.0,17.690000000000005
30714,2020-05-15 00:00:00,08:00,2020-05-15 08:00:00,Менее 0.5,10.0,0.9,-1.4,17.690000000000005,0.0,17.690000000000005
30714,2020-05-14 00:00:00,20:00,2020-05-14 20:00:00,,3.0,9.8,8.6,14.520000000000007,0.0,14.520000000000007
30714,2020-05-14 00:00:00,08:00,2020-05-14 08:00:00,,0.0,2.3,-1.3,14.520000000000007,0.0,14.520000000000007
30714,2020-05-13 00:00:00,20:00,2020-05-13 20:00:00,,0.8,12.2,-0.2,79.87499999999997,4.0,11.702499999999915
30714,2020-05-13 00:00:00,08:00,2020-05-13 08:00:00,,0.0,9.1,6.5,79.87499999999997,4.0,11.702499999999915
30714,2020-12-05 00:00:00,20:00,2020-12-05 20:00:00,,5.0,10.3,8.9,21.960000000000004,0.0,21.960000000000004
30714,2020-12-05 00:00:00,08:00,2020-12-05 08:00:00,,0.0,8.0,4.6,21.960000000000004,0.0,21.960000000000004
30714,2020-11-05 00:00:00,20:00,2020-11-05 20:00:00,,0.0,19.0,-1.7,331.17749999999995,2.0,317.50749999999994
30714,2020-11-05 00:00:00,08:00,2020-11-05 08:00:00,,0.0,16.9,0.7,331.17749999999995,2.0,317.50749999999994
30714,2020-10-05 00:00:00,20:00,2020-10-05 20:00:00,,0.0,18.7,4.0,94.28500000000001,16.0,237.61
30714,2020-10-05 00:00:00,08:00,2020-10-05 08:00:00,,0.0,3.1,0.5,94.28500000000001,16.0,237.61
30714,2020-09-05 00:00:00,20:00,2020-09-05 20:00:00,,0.7,7.3,1.7,15.869999999999997,5.0,-52.56000000000004
30714,2020-09-05 00:00:00,08:00,2020-09-05 08:00:00,,2.0,1.9,0.6,15.869999999999997,5.0,-52.56000000000004
30714,2020-08-05 00:00:00,20:00,2020-08-05 20:00:00,,3.0,3.5,1.7,6.6499999999999995,0.0,6.6499999999999995
30714,2020-08-05 00:00:00,08:00,2020-08-05 08:00:00,,0.7,4.1,2.4,6.6499999999999995,0.0,6.6499999999999995
30714,2020-07-05 00:00:00,20:00,2020-07-05 20:00:00,,0.0,11.8,-0.2,82.875,2.0,55.827500000000015
30714,2020-07-05 00:00:00,08:00,2020-07-05 08:00:00,,0.4,5.2,-2.3,82.875,2.0,55.827500000000015
30714,2020-06-05 00:00:00,20:00,2020-06-05 20:00:00,,0.0,8.8,-3.5,41.14000000000001,0.0,41.14000000000001
30714,2020-06-05 00:00:00,08:00,2020-06-05 08:00:00,,11.0,3.3,2.0,41.14000000000001,0.0,41.14000000000001
30714,2020-05-05 00:00:00,20:00,2020-05-05 20:00:00,,8.0,5.2,3.5,13.520000000000001,0.0,13.520000000000001
30714,2020-05-05 00:00:00,08:00,2020-05-05 08:00:00,,0.0,5.2,1.7,13.520000000000001,0.0,13.520000000000001
30714,2020-04-05 00:00:00,20:00,2020-04-05 20:00:00,,0.0,17.6,-5.3,148.035,12.0,-322.865
30714,2020-04-05 00:00:00,08:00,2020-04-05 08:00:00,,0.0,3.7,-1.2,148.035,12.0,-322.865
30714,2020-03-05 00:00:00,20:00,2020-03-05 20:00:00,,0.0,12.9,2.4,78.705,28.0,-491.5874999999998
30714,2020-03-05 00:00:00,08:00,2020-03-05 08:00:00,,0.0,6.9,1.5,78.705,28.0,-491.5874999999998
30714,2020-02-05 00:00:00,20:00,2020-02-05 20:00:00,,0.0,15.7,0.7,114.06750000000001,0.0,114.06750000000001
30714,2020-02-05 00:00:00,08:00,2020-02-05 08:00:00,,7.0,7.0,1.9,114.06750000000001,0.0,114.06750000000001
30714,2020-01-05 00:00:00,20:00,2020-01-05 20:00:00,,4.0,9.7,8.3,16.567499999999995,0.0,16.567499999999995
30714,2020-01-05 00:00:00,08:00,2020-01-05 08:00:00,,0.0,4.4,1.1,16.567499999999995,0.0,16.567499999999995
30714,2020-04-30 00:00:00,20:00,2020-04-30 20:00:00,,0.0,22.6,-1.4,183.2425,12.0,1009.9699999999998
30714,2020-04-30 00:00:00,08:00,2020-04-30 08:00:00,,0.0,5.7,3.8,183.2425,12.0,1009.9699999999998
30714,2020-04-29 00:00:00,20:00,2020-04-29 20:00:00,,0.0,19.3,7.1,91.70000000000003,11.0,826.7274999999998
30714,2020-04-29 00:00:00,08:00,2020-04-29 08:00:00,,0.3,6.9,5.1,91.70000000000003,11.0,826.7274999999998
30714,2020-04-28 00:00:00,20:00,2020-04-28 20:00:00,,0.0,14.6,-5.6,111.45750000000001,10.0,735.0274999999998
30714,2020-04-28 00:00:00,08:00,2020-04-28 08:00:00,,0.0,4.7,1.8,111.45750000000001,10.0,735.0274999999998
30714,2020-04-27 00:00:00,20:00,2020-04-27 20:00:00,,0.0,13.4,2.2,58.30499999999999,9.0,623.5699999999998
30714,2020-04-27 00:00:00,08:00,2020-04-27 08:00:00,,0.0,3.5,0.9,58.30499999999999,9.0,623.5699999999998
30714,2020-04-26 00:00:00,20:00,2020-04-26 20:00:00,,0.0,22.7,-0.4,178.13249999999996,8.0,565.2649999999999
30714,2020-04-26 00:00:00,08:00,2020-04-26 08:00:00,,0.0,4.6,1.6,178.13249999999996,8.0,565.2649999999999
30714,2020-04-25 00:00:00,20:00,2020-04-25 20:00:00,,0.0,19.5,4.1,156.7825,7.0,387.13249999999994
30714,2020-04-25 00:00:00,08:00,2020-04-25 08:00:00,,0.0,9.4,3.1,156.7825,7.0,387.13249999999994
30714,2020-04-24 00:00:00,20:00,2020-04-24 20:00:00,,0.0,17.2,1.5,90.67499999999997,6.0,230.34999999999997
30714,2020-04-24 00:00:00,08:00,2020-04-24 08:00:00,,0.0,1.4,-2.4,90.67499999999997,6.0,230.34999999999997
30714,2020-04-23 00:00:00,20:00,2020-04-23 20:00:00,,0.0,17.3,-11.5,115.44000000000001,5.0,139.675
30714,2020-04-23 00:00:00,08:00,2020-04-23 08:00:00,,0.0,-1.7,-2.5,115.44000000000001,5.0,139.675
30714,2020-04-22 00:00:00,20:00,2020-04-22 20:00:00,,0.0,10.7,-6.5,25.934999999999995,4.0,24.234999999999996
30714,2020-04-22 00:00:00,08:00,2020-04-22 08:00:00,,0.0,-5.0,-6.0,25.934999999999995,4.0,24.234999999999996
30714,2020-04-21 00:00:00,20:00,2020-04-21 20:00:00,,0.0,5.7,-13.2,-4.522499999999997,3.0,-1.699999999999998
30714,2020-04-21 00:00:00,08:00,2020-04-21 08:00:00,,0.0,-6.6,-7.8,-4.522499999999997,3.0,-1.699999999999998
30714,2020-04-20 00:00:00,20:00,2020-04-20 20:00:00,,0.0,2.1,-15.0,4.84,2.0,2.8224999999999993
30714,2020-04-20 00:00:00,08:00,2020-04-20 08:00:00,,0.0,-1.3,-8.4,4.84,2.0,2.8224999999999993
30714,2020-04-19 00:00:00,20:00,2020-04-19 20:00:00,,0.0,1.6,-11.5,-4.95,1.0,-2.0175000000000005
30714,2020-04-19 00:00:00,08:00,2020-04-19 08:00:00,3.0,2.0,-2.7,-7.6,-4.95,1.0,-2.0175000000000005
30714,2020-04-18 00:00:00,20:00,2020-04-18 20:00:00,,1.0,1.8,-1.9,2.9324999999999997,0.0,2.9324999999999997
30714,2020-04-18 00:00:00,08:00,2020-04-18 08:00:00,Менее 0.5,3.0,0.5,-0.9,2.9324999999999997,0.0,2.9324999999999997
30714,2020-04-17 00:00:00,20:00,2020-04-17 20:00:00,,0.7,4.9,2.2,6.355000000000001,11.0,132.335
30714,2020-04-17 00:00:00,08:00,2020-04-17 08:00:00,,0.0,-0.8,-4.3,6.355000000000001,11.0,132.335
30714,2020-04-16 00:00:00,20:00,2020-04-16 20:00:00,,0.0,10.1,-4.5,21.3125,10.0,125.98000000000002
30714,2020-04-16 00:00:00,08:00,2020-04-16 08:00:00,,0.0,-4.6,-5.5,21.3125,10.0,125.98000000000002
30714,2020-04-15 00:00:00,20:00,2020-04-15 20:00:00,,0.0,6.9,-6.3,5.005000000000001,9.0,104.66750000000002
30714,2020-04-15 00:00:00,08:00,2020-04-15 08:00:00,,0.0,-5.5,-6.6,5.005000000000001,9.0,104.66750000000002
30714,2020-04-14 00:00:00,20:00,2020-04-14 20:00:00,,0.0,6.3,-8.9,4.15,8.0,99.66250000000002
30714,2020-04-14 00:00:00,08:00,2020-04-14 08:00:00,,0.0,-5.3,-6.7,4.15,8.0,99.66250000000002
30714,2020-04-13 00:00:00,20:00,2020-04-13 20:00:00,,0.0,5.3,-8.8,26.099999999999998,7.0,95.51250000000002
30714,2020-04-13 00:00:00,08:00,2020-04-13 08:00:00,,0.0,0.7,-2.6,26.099999999999998,7.0,95.51250000000002
30714,2020-12-04 00:00:00,20:00,2020-12-04 20:00:00,,0.0,2.4,-4.3,10.44,10.0,-421.4725
30714,2020-12-04 00:00:00,08:00,2020-12-04 08:00:00,,0.0,1.2,-3.7,10.44,10.0,-421.4725
30714,2020-11-04 00:00:00,20:00,2020-11-04 20:00:00,,0.0,5.8,-4.0,5.829999999999999,1.0,-13.670000000000002
30714,2020-11-04 00:00:00,08:00,2020-11-04 08:00:00,,0.0,-3.6,-4.4,5.829999999999999,1.0,-13.670000000000002
30714,2020-10-04 00:00:00,20:00,2020-10-04 20:00:00,,0.0,11.4,-2.6,34.0,15.0,143.325
30714,2020-10-04 00:00:00,08:00,2020-10-04 08:00:00,,0.0,-2.9,-4.9,34.0,15.0,143.325
30714,2020-09-04 00:00:00,20:00,2020-09-04 20:00:00,,0.0,8.9,-13.1,21.420000000000005,4.0,-68.43000000000004
30714,2020-09-04 00:00:00,08:00,2020-09-04 08:00:00,,0.0,-5.3,-7.1,21.420000000000005,4.0,-68.43000000000004
30714,2020-08-04 00:00:00,20:00,2020-08-04 20:00:00,,0.0,9.6,-11.9,27.0,1.0,-16.679999999999957
30714,2020-08-04 00:00:00,08:00,2020-08-04 08:00:00,,0.0,-4.8,-5.8,27.0,1.0,-16.679999999999957
30714,2020-07-04 00:00:00,20:00,2020-07-04 20:00:00,,0.0,4.0,0.6,3.7800000000000007,1.0,-27.04749999999999
30714,2020-07-04 00:00:00,08:00,2020-07-04 08:00:00,,0.0,-1.9,-5.7,3.7800000000000007,1.0,-27.04749999999999
30714,2020-06-04 00:00:00,20:00,2020-06-04 20:00:00,,0.0,3.8,-15.2,-20.91,4.0,-111.62000000000009
30714,2020-06-04 00:00:00,08:00,2020-06-04 08:00:00,,0.0,-7.9,-9.3,-20.91,4.0,-111.62000000000009
30714,2020-05-04 00:00:00,20:00,2020-05-04 20:00:00,,0.0,2.8,-6.9,6.889999999999999,16.0,919.0799999999998
30714,2020-05-04 00:00:00,08:00,2020-05-04 08:00:00,1.0,1.0,-0.2,-1.1,6.889999999999999,16.0,919.0799999999998
30714,2020-04-04 00:00:00,20:00,2020-04-04 20:00:00,,0.3,6.7,-0.6,2.2,11.0,-470.9
30714,2020-04-04 00:00:00,08:00,2020-04-04 08:00:00,1.0,0.0,-5.7,-7.2,2.2,11.0,-470.9
30714,2020-03-04 00:00:00,20:00,2020-03-04 20:00:00,,0.0,6.7,-13.4,-8.062499999999995,27.0,-570.2924999999998
30714,2020-03-04 00:00:00,08:00,2020-03-04 08:00:00,3.0,0.0,-8.2,-9.6,-8.062499999999995,27.0,-570.2924999999998
30714,2020-02-04 00:00:00,20:00,2020-02-04 20:00:00,,0.0,6.9,-12.2,-10.3,24.0,-1170.1424999999995
30714,2020-02-04 00:00:00,08:00,2020-02-04 08:00:00,7.0,0.0,-8.9,-10.4,-10.3,24.0,-1170.1424999999995
30714,2020-01-04 00:00:00,20:00,2020-01-04 20:00:00,,0.0,4.1,-10.6,-16.5025,26.0,-1261.1100000000001
30714,2020-01-04 00:00:00,08:00,2020-01-04 08:00:00,9.0,0.0,-8.2,-9.6,-16.5025,26.0,-1261.1100000000001
30714,2020-03-31 00:00:00,20:00,2020-03-31 20:00:00,,0.0,2.6,-9.1,-40.95,7.0,-304.715
30714,2020-03-31 00:00:00,08:00,2020-03-31 08:00:00,12.0,0.0,-15.2,-16.5,-40.95,7.0,-304.715
30714,2020-03-30 00:00:00,20:00,2020-03-30 20:00:00,,0.0,0.0,-15.4,-35.49,6.0,-263.765
30714,2020-03-30 00:00:00,08:00,2020-03-30 08:00:00,15.0,2.0,-8.4,-9.9,-35.49,6.0,-263.765
30714,2020-03-29 00:00:00,20:00,2020-03-29 20:00:00,,1.0,-2.1,-3.3,-5.857499999999998,5.0,-228.275
30714,2020-03-29 00:00:00,08:00,2020-03-29 08:00:00,11.0,0.0,-5.0,-7.1,-5.857499999999998,5.0,-228.275
30714,2020-03-28 00:00:00,20:00,2020-03-28 20:00:00,,0.0,3.0,-9.9,-41.89,4.0,-222.41750000000002
30714,2020-03-28 00:00:00,08:00,2020-03-28 08:00:00,15.0,0.0,-14.8,-16.1,-41.89,4.0,-222.41750000000002
30714,2020-03-27 00:00:00,20:00,2020-03-27 20:00:00,,0.0,0.3,-11.6,-68.4475,3.0,-180.52750000000003
30714,2020-03-27 00:00:00,08:00,2020-03-27 08:00:00,20.0,0.0,-21.2,-22.4,-68.4475,3.0,-180.52750000000003
30714,2020-03-26 00:00:00,20:00,2020-03-26 20:00:00,,0.0,-4.3,-9.4,-33.705000000000005,2.0,-112.08000000000004
30714,2020-03-26 00:00:00,08:00,2020-03-26 08:00:00,23.0,0.0,-17.1,-18.3,-33.705000000000005,2.0,-112.08000000000004
30714,2020-03-25 00:00:00,20:00,2020-03-25 20:00:00,,0.0,-8.2,-16.3,-61.77000000000004,1.0,-78.37500000000003
30714,2020-03-25 00:00:00,08:00,2020-03-25 08:00:00,26.0,0.0,-13.1,-16.6,-61.77000000000004,1.0,-78.37500000000003
30714,2020-03-24 00:00:00,20:00,2020-03-24 20:00:00,,9.0,-8.4,-12.6,-16.604999999999997,0.0,-16.604999999999997
30714,2020-03-24 00:00:00,08:00,2020-03-24 08:00:00,15.0,3.0,-3.9,-5.1,-16.604999999999997,0.0,-16.604999999999997
30714,2020-03-23 00:00:00,20:00,2020-03-23 20:00:00,,0.0,4.7,-6.9,-6.4,15.0,-199.45499999999996
30714,2020-03-23 00:00:00,08:00,2020-03-23 08:00:00,12.0,0.0,-6.7,-7.9,-6.4,15.0,-199.45499999999996
30714,2020-03-22 00:00:00,20:00,2020-03-22 20:00:00,,0.0,2.8,-6.1,-18.870000000000005,14.0,-193.05499999999995
30714,2020-03-22 00:00:00,08:00,2020-03-22 08:00:00,16.0,0.0,-10.2,-11.5,-18.870000000000005,14.0,-193.05499999999995
30714,2020-03-21 00:00:00,20:00,2020-03-21 20:00:00,,0.0,1.8,-8.5,-19.665000000000003,13.0,-174.18499999999995
30714,2020-03-21 00:00:00,08:00,2020-03-21 08:00:00,17.0,0.0,-8.7,-9.8,-19.665000000000003,13.0,-174.18499999999995
30714,2020-03-20 00:00:00,20:00,2020-03-20 20:00:00,,0.0,-3.1,-7.7,-26.992499999999996,12.0,-154.51999999999995
30714,2020-03-20 00:00:00,08:00,2020-03-20 08:00:00,19.0,0.0,-15.2,-16.5,-26.992499999999996,12.0,-154.51999999999995
30714,2020-03-19 00:00:00,20:00,2020-03-19 20:00:00,,0.0,-4.0,-6.6,-7.884999999999999,11.0,-127.52749999999995
30714,2020-03-19 00:00:00,08:00,2020-03-19 08:00:00,17.0,0.0,-4.3,-5.5,-7.884999999999999,11.0,-127.52749999999995
30714,2020-03-18 00:00:00,20:00,2020-03-18 20:00:00,,0.0,0.2,-7.7,-26.220000000000002,10.0,-119.64249999999994
30714,2020-03-18 00:00:00,08:00,2020-03-18 08:00:00,19.0,0.4,-11.6,-12.9,-26.220000000000002,10.0,-119.64249999999994
30714,2020-03-17 00:00:00,20:00,2020-03-17 20:00:00,,1.0,-1.3,-4.9,-9.120000000000001,9.0,-93.42249999999994
30714,2020-03-17 00:00:00,08:00,2020-03-17 08:00:00,20.0,0.0,-6.3,-7.5,-9.120000000000001,9.0,-93.42249999999994
30714,2020-03-16 00:00:00,20:00,2020-03-16 20:00:00,,0.0,1.4,-4.1,1.5199999999999998,8.0,-84.30249999999994
30714,2020-03-16 00:00:00,08:00,2020-03-16 08:00:00,24.0,0.0,-0.6,-2.7,1.5199999999999998,8.0,-84.30249999999994
30714,2020-03-15 00:00:00,20:00,2020-03-15 20:00:00,,0.0,1.5,-9.0,-25.315,7.0,-85.82249999999993
30714,2020-03-15 00:00:00,08:00,2020-03-15 08:00:00,27.0,0.0,-9.8,-11.5,-25.315,7.0,-85.82249999999993
30714,2020-03-14 00:00:00,20:00,2020-03-14 20:00:00,,0.0,1.2,-4.0,-7.030000000000001,6.0,-60.507499999999936
30714,2020-03-14 00:00:00,08:00,2020-03-14 08:00:00,32.0,0.0,-4.9,-7.3,-7.030000000000001,6.0,-60.507499999999936
30714,2020-03-13 00:00:00,20:00,2020-03-13 20:00:00,,0.0,-0.8,-6.2,-14.732499999999996,5.0,-53.477499999999935
30714,2020-03-13 00:00:00,08:00,2020-03-13 08:00:00,35.0,0.0,-7.5,-9.2,-14.732499999999996,5.0,-53.477499999999935
30714,2020-12-03 00:00:00,20:00,2020-12-03 20:00:00,,0.0,-2.2,-12.4,-78.30000000000001,9.0,-431.9125
30714,2020-12-03 00:00:00,08:00,2020-12-03 08:00:00,37.0,0.0,-23.9,-25.7,-78.30000000000001,9.0,-431.9125
30714,2020-11-03 00:00:00,20:00,2020-11-03 20:00:00,,0.4,-12.4,-15.1,-19.5,0.0,-19.5
30714,2020-11-03 00:00:00,08:00,2020-11-03 08:00:00,39.0,3.0,-7.1,-8.4,-19.5,0.0,-19.5
30714,2020-10-03 00:00:00,20:00,2020-10-03 20:00:00,,0.0,0.3,-10.0,-51.4625,14.0,109.32499999999999
30714,2020-10-03 00:00:00,08:00,2020-10-03 08:00:00,33.0,0.0,-18.2,-19.4,-51.4625,14.0,109.32499999999999
30714,2020-09-03 00:00:00,20:00,2020-09-03 20:00:00,,0.0,-6.1,-15.3,-54.86250000000001,3.0,-89.85000000000004
30714,2020-09-03 00:00:00,08:00,2020-09-03 08:00:00,35.0,0.0,-14.8,-16.1,-54.86250000000001,3.0,-89.85000000000004
30714,2020-08-03 00:00:00,20:00,2020-08-03 20:00:00,,0.0,-10.4,-14.8,-43.67999999999996,0.0,-43.67999999999996
30714,2020-08-03 00:00:00,08:00,2020-08-03 08:00:00,39.0,3.0,-20.8,-22.0,-43.67999999999996,0.0,-43.67999999999996
30714,2020-07-03 00:00:00,20:00,2020-07-03 20:00:00,,0.0,-9.5,-14.1,-30.82749999999999,0.0,-30.82749999999999
30714,2020-07-03 00:00:00,08:00,2020-07-03 08:00:00,38.0,3.0,-11.4,-12.7,-30.82749999999999,0.0,-30.82749999999999
30714,2020-06-03 00:00:00,20:00,2020-06-03 20:00:00,,0.0,1.8,-8.5,-49.449999999999996,3.0,-90.7100000000001
30714,2020-06-03 00:00:00,08:00,2020-06-03 08:00:00,30.0,0.0,-19.0,-20.2,-49.449999999999996,3.0,-90.7100000000001
30714,2020-05-03 00:00:00,20:00,2020-05-03 20:00:00,,0.0,-5.5,-9.7,-13.649999999999999,15.0,912.1899999999998
30714,2020-05-03 00:00:00,08:00,2020-05-03 08:00:00,30.0,0.6,-5.0,-6.0,-13.649999999999999,15.0,912.1899999999998
30714,2020-04-03 00:00:00,20:00,2020-04-03 20:00:00,,0.0,-2.6,-9.6,-36.935,10.0,-473.09999999999997
30714,2020-04-03 00:00:00,08:00,2020-04-03 08:00:00,32.0,0.0,-15.2,-16.5,-36.935,10.0,-473.09999999999997
30714,2020-03-03 00:00:00,20:00,2020-03-03 20:00:00,,0.0,-8.5,-12.8,-58.350000000000065,26.0,-562.2299999999998
30714,2020-03-03 00:00:00,08:00,2020-03-03 08:00:00,32.0,0.0,-30.4,-32.1,-58.350000000000065,26.0,-562.2299999999998
30714,2020-02-03 00:00:00,20:00,2020-02-03 20:00:00,,0.0,-13.6,-16.3,-28.177499999999988,23.0,-1159.8424999999995
30714,2020-02-03 00:00:00,08:00,2020-02-03 08:00:00,34.0,2.0,-15.3,-16.5,-28.177499999999988,23.0,-1159.8424999999995
30714,2020-01-03 00:00:00,20:00,2020-01-03 20:00:00,,1.0,-7.2,-8.5,-7.85,25.0,-1244.6075
30714,2020-01-03 00:00:00,08:00,2020-01-03 08:00:00,31.0,2.0,-8.5,-9.2,-7.85,25.0,-1244.6075
30714,2020-02-29 00:00:00,20:00,2020-02-29 20:00:00,,1.0,-7.6,-8.6,-13.110000000000023,23.0,-388.41499999999985
30714,2020-02-29 00:00:00,08:00,2020-02-29 08:00:00,27.0,0.0,-15.2,-16.5,-13.110000000000023,23.0,-388.41499999999985
30714,2020-02-28 00:00:00,20:00,2020-02-28 20:00:00,,0.0,-7.2,-11.5,-49.000000000000014,22.0,-375.30499999999984
30714,2020-02-28 00:00:00,08:00,2020-02-28 08:00:00,27.0,0.0,-27.8,-29.1,-49.000000000000014,22.0,-375.30499999999984
30714,2020-02-27 00:00:00,20:00,2020-02-27 20:00:00,,0.0,-9.6,-14.2,-47.994999999999976,21.0,-326.30499999999984
30714,2020-02-27 00:00:00,08:00,2020-02-27 08:00:00,30.0,0.2,-23.5,-24.7,-47.994999999999976,21.0,-326.30499999999984
30714,2020-02-26 00:00:00,20:00,2020-02-26 20:00:00,,0.8,-8.8,-9.9,-20.067499999999978,20.0,-278.30999999999983
30714,2020-02-26 00:00:00,08:00,2020-02-26 08:00:00,29.0,0.0,-26.1,-27.3,-20.067499999999978,20.0,-278.30999999999983
30714,2020-02-25 00:00:00,20:00,2020-02-25 20:00:00,,0.0,-11.5,-14.3,-38.18750000000002,19.0,-258.24249999999984
30714,2020-02-25 00:00:00,08:00,2020-02-25 08:00:00,30.0,0.0,-21.0,-22.9,-38.18750000000002,19.0,-258.24249999999984
30714,2020-02-24 00:00:00,20:00,2020-02-24 20:00:00,,0.2,-7.4,-10.9,-29.16000000000002,18.0,-220.05499999999984
30714,2020-02-24 00:00:00,08:00,2020-02-24 08:00:00,31.0,0.5,-16.9,-18.2,-29.16000000000002,18.0,-220.05499999999984
30714,2020-02-23 00:00:00,20:00,2020-02-23 20:00:00,,0.5,-6.8,-9.2,-14.060000000000004,17.0,-190.8949999999998
30714,2020-02-23 00:00:00,08:00,2020-02-23 08:00:00,30.0,2.0,-8.0,-9.4,-14.060000000000004,17.0,-190.8949999999998
30714,2020-02-22 00:00:00,20:00,2020-02-22 20:00:00,,0.0,-5.6,-9.0,-32.42999999999997,16.0,-176.8349999999998
30714,2020-02-22 00:00:00,08:00,2020-02-22 08:00:00,23.0,0.0,-22.0,-23.3,-32.42999999999997,16.0,-176.8349999999998
30714,2020-02-21 00:00:00,20:00,2020-02-21 20:00:00,,0.0,-9.0,-11.9,-39.119999999999976,15.0,-144.40499999999983
30714,2020-02-21 00:00:00,08:00,2020-02-21 08:00:00,24.0,0.0,-23.6,-25.5,-39.119999999999976,15.0,-144.40499999999983
30714,2020-02-20 00:00:00,20:00,2020-02-20 20:00:00,,0.0,-10.8,-15.2,-40.16,14.0,-105.28499999999985
30714,2020-02-20 00:00:00,08:00,2020-02-20 08:00:00,24.0,0.4,-14.3,-16.3,-40.16,14.0,-105.28499999999985
30714,2020-02-19 00:00:00,20:00,2020-02-19 20:00:00,,0.0,-6.6,-9.0,-34.334999999999965,13.0,-65.12499999999986
30714,2020-02-19 00:00:00,08:00,2020-02-19 08:00:00,24.0,0.0,-26.1,-27.9,-34.334999999999965,13.0,-65.12499999999986
30714,2020-02-18 00:00:00,20:00,2020-02-18 20:00:00,,0.0,-10.1,-14.5,-50.462500000000006,12.0,-30.7899999999999
30714,2020-02-18 00:00:00,08:00,2020-02-18 08:00:00,24.0,0.0,-26.6,-27.7,-50.462500000000006,12.0,-30.7899999999999
30714,2020-02-17 00:00:00,20:00,2020-02-17 20:00:00,,0.0,-10.0,-13.6,-41.39999999999998,11.0,19.672500000000106
30714,2020-02-17 00:00:00,08:00,2020-02-17 08:00:00,25.0,0.0,-24.5,-25.7,-41.39999999999998,11.0,19.672500000000106
30714,2020-02-16 00:00:00,20:00,2020-02-16 20:00:00,,0.0,-9.5,-14.7,-52.79999999999999,10.0,61.07250000000008
30714,2020-02-16 00:00:00,08:00,2020-02-16 08:00:00,25.0,0.0,-23.5,-24.7,-52.79999999999999,10.0,61.07250000000008
30714,2020-02-15 00:00:00,20:00,2020-02-15 20:00:00,,0.0,-10.0,-11.3,-28.240000000000023,9.0,113.87250000000007
30714,2020-02-15 00:00:00,08:00,2020-02-15 08:00:00,27.0,0.0,-25.3,-27.2,-28.240000000000023,9.0,113.87250000000007
30714,2020-02-14 00:00:00,20:00,2020-02-14 20:00:00,,0.0,-14.2,-15.5,-33.974999999999994,8.0,142.1125000000001
30714,2020-02-14 00:00:00,08:00,2020-02-14 08:00:00,27.0,0.0,-31.1,-32.8,-33.974999999999994,8.0,142.1125000000001
30714,2020-02-13 00:00:00,20:00,2020-02-13 20:00:00,,0.3,-19.0,-20.2,-23.519999999999918,7.0,176.0875000000001
30714,2020-02-13 00:00:00,08:00,2020-02-13 08:00:00,30.0,0.8,-20.2,-21.4,-23.519999999999918,7.0,176.0875000000001
30714,2020-12-02 00:00:00,20:00,2020-12-02 20:00:00,,0.0,-13.5,-16.2,-35.09999999999999,8.0,-353.6125
30714,2020-12-02 00:00:00,08:00,2020-12-02 08:00:00,30.0,1.0,-22.5,-23.7,-35.09999999999999,8.0,-353.6125
30714,2020-11-02 00:00:00,20:00,2020-11-02 20:00:00,,4.0,-10.4,-11.7,-10.454999999999997,0.0,-10.454999999999997
30714,2020-11-02 00:00:00,08:00,2020-11-02 08:00:00,23.0,0.5,-1.9,-4.0,-10.454999999999997,0.0,-10.454999999999997
30714,2020-10-02 00:00:00,20:00,2020-10-02 20:00:00,,0.0,-3.2,-4.9,-13.724999999999984,13.0,160.7875
30714,2020-10-02 00:00:00,08:00,2020-10-02 08:00:00,22.0,0.0,-15.1,-16.4,-13.724999999999984,13.0,160.7875
30714,2020-09-02 00:00:00,20:00,2020-09-02 20:00:00,,0.0,-6.1,-7.6,-15.260000000000021,2.0,-34.987500000000026
30714,2020-09-02 00:00:00,08:00,2020-09-02 08:00:00,22.0,0.0,-15.7,-17.0,-15.260000000000021,2.0,-34.987500000000026
30714,2020-08-02 00:00:00,20:00,2020-08-02 20:00:00,,0.0,-8.8,-11.2,-23.849999999999987,3.0,11.45750000000006
30714,2020-08-02 00:00:00,08:00,2020-08-02 08:00:00,23.0,0.0,-17.7,-18.9,-23.849999999999987,3.0,11.45750000000006
30714,2020-07-02 00:00:00,20:00,2020-07-02 20:00:00,,0.0,-8.1,-10.4,-35.26000000000001,3.0,149.1350000000001
30714,2020-07-02 00:00:00,08:00,2020-07-02 08:00:00,23.0,0.0,-26.3,-28.1,-35.26000000000001,3.0,149.1350000000001
30714,2020-06-02 00:00:00,20:00,2020-06-02 20:00:00,,0.0,-14.6,-16.6,-35.91000000000004,2.0,-41.26000000000009
30714,2020-06-02 00:00:00,08:00,2020-06-02 08:00:00,23.0,0.4,-23.2,-25.0,-35.91000000000004,2.0,-41.26000000000009
30714,2020-05-02 00:00:00,20:00,2020-05-02 20:00:00,,0.0,-8.1,-10.4,-39.360000000000035,14.0,925.8399999999998
30714,2020-05-02 00:00:00,08:00,2020-05-02 08:00:00,22.0,0.0,-24.7,-27.2,-39.360000000000035,14.0,925.8399999999998
30714,2020-04-02 00:00:00,20:00,2020-04-02 20:00:00,,0.0,-18.6,-22.7,-82.7199999999999,9.0,-436.16499999999996
30714,2020-04-02 00:00:00,08:00,2020-04-02 08:00:00,22.0,0.0,-33.1,-35.4,-82.7199999999999,9.0,-436.16499999999996
30714,2020-03-02 00:00:00,20:00,2020-03-02 20:00:00,,0.2,-25.1,-27.6,-65.41499999999989,25.0,-503.87999999999977
30714,2020-03-02 00:00:00,08:00,2020-03-02 08:00:00,22.0,0.5,-28.3,-30.7,-65.41499999999989,25.0,-503.87999999999977
30714,2020-02-02 00:00:00,20:00,2020-02-02 20:00:00,,0.0,-18.8,-22.9,-86.02499999999993,22.0,-1131.6649999999995
30714,2020-02-02 00:00:00,08:00,2020-02-02 08:00:00,22.0,0.0,-36.7,-38.8,-86.02499999999993,22.0,-1131.6649999999995
30714,2020-01-02 00:00:00,20:00,2020-01-02 20:00:00,,0.0,-26.1,-28.6,-80.82500000000017,24.0,-1236.7575000000002
30714,2020-01-02 00:00:00,08:00,2020-01-02 08:00:00,22.0,0.0,-34.9,-37.7,-80.82500000000017,24.0,-1236.7575000000002
30714,2020-01-31 00:00:00,20:00,2020-01-31 20:00:00,,0.2,-23.6,-26.2,-45.11249999999993,20.0,-999.3299999999997
30714,2020-01-31 00:00:00,08:00,2020-01-31 08:00:00,22.0,2.0,-16.5,-18.4,-45.11249999999993,20.0,-999.3299999999997
30714,2020-01-30 00:00:00,20:00,2020-01-30 20:00:00,,0.4,-14.8,-17.5,-25.0,19.0,-954.2174999999997
30714,2020-01-30 00:00:00,08:00,2020-01-30 08:00:00,20.0,1.0,-10.2,-11.5,-25.0,19.0,-954.2174999999997
30714,2020-01-29 00:00:00,20:00,2020-01-29 20:00:00,,0.0,-10.8,-15.2,-54.02249999999997,18.0,-929.2174999999997
30714,2020-01-29 00:00:00,08:00,2020-01-29 08:00:00,18.0,0.0,-23.5,-25.4,-54.02249999999997,18.0,-929.2174999999997
30714,2020-01-28 00:00:00,20:00,2020-01-28 20:00:00,,0.0,-11.4,-14.2,-38.42249999999997,17.0,-875.1949999999998
30714,2020-01-28 00:00:00,08:00,2020-01-28 08:00:00,18.0,0.0,-21.3,-23.2,-38.42249999999997,17.0,-875.1949999999998
30714,2020-01-27 00:00:00,20:00,2020-01-27 20:00:00,,0.0,-15.4,-16.7,-30.559999999999963,16.0,-836.7724999999998
30714,2020-01-27 00:00:00,08:00,2020-01-27 08:00:00,18.0,0.0,-22.8,-24.7,-30.559999999999963,16.0,-836.7724999999998
30714,2020-01-26 00:00:00,20:00,2020-01-26 20:00:00,,0.0,-12.5,-13.8,-26.400000000000023,15.0,-806.2124999999999
30714,2020-01-26 00:00:00,08:00,2020-01-26 08:00:00,18.0,0.0,-20.5,-22.4,-26.400000000000023,15.0,-806.2124999999999
30714,2020-01-25 00:00:00,20:00,2020-01-25 20:00:00,,0.0,-11.1,-13.1,-33.73499999999999,14.0,-779.8124999999999
30714,2020-01-25 00:00:00,08:00,2020-01-25 08:00:00,18.0,0.0,-23.5,-25.4,-33.73499999999999,14.0,-779.8124999999999
30714,2020-01-24 00:00:00,20:00,2020-01-24 20:00:00,,0.0,-16.4,-18.3,-48.052499999999974,13.0,-746.0774999999999
30714,2020-01-24 00:00:00,08:00,2020-01-24 08:00:00,18.0,0.0,-28.3,-30.7,-48.052499999999974,13.0,-746.0774999999999
30714,2020-01-23 00:00:00,20:00,2020-01-23 20:00:00,,0.0,-22.0,-24.6,-68.0,12.0,-698.0249999999999
30714,2020-01-23 00:00:00,08:00,2020-01-23 08:00:00,18.0,0.0,-32.4,-34.8,-68.0,12.0,-698.0249999999999
30714,2020-01-22 00:00:00,20:00,2020-01-22 20:00:00,,0.0,-21.4,-23.9,-58.125,11.0,-630.0249999999999
30714,2020-01-22 00:00:00,08:00,2020-01-22 08:00:00,18.0,0.0,-25.1,-27.6,-58.125,11.0,-630.0249999999999
30714,2020-01-21 00:00:00,20:00,2020-01-21 20:00:00,,0.0,-25.6,-28.8,-86.92499999999993,10.0,-571.8999999999999
30714,2020-01-21 00:00:00,08:00,2020-01-21 08:00:00,18.0,0.0,-31.4,-34.3,-86.92499999999993,10.0,-571.8999999999999
30714,2020-01-20 00:00:00,20:00,2020-01-20 20:00:00,,0.2,-15.2,-17.9,-53.93250000000001,9.0,-484.9749999999999
30714,2020-01-20 00:00:00,08:00,2020-01-20 08:00:00,18.0,0.0,-27.1,-29.5,-53.93250000000001,9.0,-484.9749999999999
30714,2020-01-19 00:00:00,20:00,2020-01-19 20:00:00,,0.4,-23.2,-25.7,-58.13249999999999,8.0,-431.0424999999999
30714,2020-01-19 00:00:00,08:00,2020-01-19 08:00:00,19.0,0.0,-10.5,-14.9,-58.13249999999999,8.0,-431.0424999999999
30714,2020-01-18 00:00:00,20:00,2020-01-18 20:00:00,,0.0,-14.1,-16.8,-54.442499999999946,7.0,-372.9099999999999
30714,2020-01-18 00:00:00,08:00,2020-01-18 08:00:00,19.0,0.0,-28.6,-31.0,-54.442499999999946,7.0,-372.9099999999999
30714,2020-01-17 00:00:00,20:00,2020-01-17 20:00:00,,0.0,-16.1,-18.8,-57.590000000000025,6.0,-318.4675
30714,2020-01-17 00:00:00,08:00,2020-01-17 08:00:00,19.0,0.0,-28.2,-30.7,-57.590000000000025,6.0,-318.4675
30714,2020-01-16 00:00:00,20:00,2020-01-16 20:00:00,,0.0,-20.0,-21.9,-43.31999999999997,5.0,-260.87749999999994
30714,2020-01-16 00:00:00,08:00,2020-01-16 08:00:00,19.0,0.0,-25.6,-27.5,-43.31999999999997,5.0,-260.87749999999994
30714,2020-01-15 00:00:00,20:00,2020-01-15 20:00:00,,0.0,-14.8,-17.5,-48.0375,4.0,-217.55749999999995
30714,2020-01-15 00:00:00,08:00,2020-01-15 08:00:00,19.0,0.0,-27.9,-29.7,-48.0375,4.0,-217.55749999999995
30714,2020-01-14 00:00:00,20:00,2020-01-14 20:00:00,,0.0,-19.0,-20.9,-52.18499999999995,3.0,-169.51999999999995
30714,2020-01-14 00:00:00,08:00,2020-01-14 08:00:00,19.0,0.0,-30.7,-33.0,-52.18499999999995,3.0,-169.51999999999995
30714,2020-01-13 00:00:00,20:00,2020-01-13 20:00:00,,0.0,-23.6,-26.2,-68.5,2.0,-117.335
30714,2020-01-13 00:00:00,08:00,2020-01-13 08:00:00,19.0,0.0,-31.2,-33.6,-68.5,2.0,-117.335
30714,2020-12-01 00:00:00,20:00,2020-12-01 20:00:00,,0.0,-24.5,-27.0,-66.96000000000005,7.0,-318.51250000000005
30714,2020-12-01 00:00:00,08:00,2020-12-01 08:00:00,19.0,0.0,-31.3,-33.6,-66.96000000000005,7.0,-318.51250000000005
30714,2020-11-01 00:00:00,20:00,2020-11-01 20:00:00,,0.0,-23.6,-26.2,-66.9999999999999,1.0,-77.65999999999991
30714,2020-11-01 00:00:00,08:00,2020-11-01 08:00:00,19.0,0.0,-30.0,-32.4,-66.9999999999999,1.0,-77.65999999999991
30714,2020-10-01 00:00:00,20:00,2020-10-01 20:00:00,,0.0,-20.6,-22.5,-41.90250000000003,12.0,174.5125
30714,2020-10-01 00:00:00,08:00,2020-10-01 08:00:00,19.0,0.2,-24.7,-26.5,-41.90250000000003,12.0,174.5125
30714,2020-09-01 00:00:00,20:00,2020-09-01 20:00:00,,0.0,-15.1,-17.1,-34.22249999999999,1.0,-19.727500000000003
30714,2020-09-01 00:00:00,08:00,2020-09-01 08:00:00,19.0,0.0,-20.0,-21.9,-34.22249999999999,1.0,-19.727500000000003
30714,2020-08-01 00:00:00,20:00,2020-08-01 20:00:00,,0.0,-11.0,-14.6,-55.179999999999964,2.0,35.30750000000005
30714,2020-08-01 00:00:00,08:00,2020-08-01 08:00:00,20.0,0.0,-24.6,-27.2,-55.179999999999964,2.0,35.30750000000005
30714,2020-07-01 00:00:00,20:00,2020-07-01 20:00:00,,0.0,-20.3,-22.9,-58.01249999999993,2.0,184.39500000000012
30714,2020-07-01 00:00:00,08:00,2020-07-01 08:00:00,20.0,0.0,-25.2,-27.7,-58.01249999999993,2.0,184.39500000000012
30714,2020-06-01 00:00:00,20:00,2020-06-01 20:00:00,,0.0,-17.5,-19.4,-49.28000000000006,1.0,-5.350000000000051
30714,2020-06-01 00:00:00,08:00,2020-06-01 08:00:00,20.0,0.0,-27.3,-29.8,-49.28000000000006,1.0,-5.350000000000051
30714,2020-05-01 00:00:00,20:00,2020-05-01 20:00:00,,0.0,-18.2,-20.8,-44.76999999999999,13.0,965.1999999999998
30714,2020-05-01 00:00:00,08:00,2020-05-01 08:00:00,20.0,0.0,-22.5,-24.3,-44.76999999999999,13.0,965.1999999999998
30714,2020-04-01 00:00:00,20:00,2020-04-01 20:00:00,,0.0,-19.2,-21.1,-48.73000000000006,8.0,-353.44500000000005
30714,2020-04-01 00:00:00,08:00,2020-04-01 08:00:00,21.0,0.0,-25.1,-27.6,-48.73000000000006,8.0,-353.44500000000005
30714,2020-03-01 00:00:00,20:00,2020-03-01 20:00:00,,0.0,-16.1,-18.8,-50.050000000000026,24.0,-438.46499999999986
30714,2020-03-01 00:00:00,08:00,2020-03-01 08:00:00,21.0,0.0,-22.4,-24.9,-50.050000000000026,24.0,-438.46499999999986
30714,2020-02-01 00:00:00,20:00,2020-02-01 20:00:00,,0.0,-17.4,-19.3,-46.31000000000005,21.0,-1045.6399999999996
30714,2020-02-01 00:00:00,08:00,2020-02-01 08:00:00,21.0,0.0,-24.7,-27.2,-46.31000000000005,21.0,-1045.6399999999996
30714,2020-01-01 00:00:00,20:00,2020-01-01 20:00:00,,0.0,-20.1,-22.7,-57.12000000000001,23.0,-1155.9325
30714,2020-01-01 00:00:00,08:00,2020-01-01 08:00:00,21.0,0.0,-24.7,-27.2,-57.12000000000001,23.0,-1155.9325
30714,2019-12-31 00:00:00,20:00,2019-12-31 20:00:00,,0.0,-15.0,-17.0,-53.82000000000003,22.0,-1098.8124999999998
30714,2019-12-31 00:00:00,08:00,2019-12-31 08:00:00,21.0,0.0,-26.4,-29.6,-53.82000000000003,22.0,-1098.8124999999998
30714,2019-12-30 00:00:00,20:00,2019-12-30 20:00:00,,0.0,-26.9,-30.0,-103.85000000000005,21.0,-1044.9924999999998
30714,2019-12-30 00:00:00,08:00,2019-12-30 08:00:00,21.0,0.0,-35.1,-38.7,-103.85000000000005,21.0,-1044.9924999999998
30714,2019-12-29 00:00:00,20:00,2019-12-29 20:00:00,,0.0,-33.6,-36.6,-105.0724999999999,20.0,-941.1424999999998
30714,2019-12-29 00:00:00,08:00,2019-12-29 08:00:00,21.0,0.3,-35.3,-38.4,-105.0724999999999,20.0,-941.1424999999998
30714,2019-12-28 00:00:00,20:00,2019-12-28 20:00:00,,0.5,-24.9,-27.4,-62.5,19.0,-836.0699999999999
30714,2019-12-28 00:00:00,08:00,2019-12-28 08:00:00,21.0,1.0,-25.1,-27.6,-62.5,19.0,-836.0699999999999
30714,2019-12-27 00:00:00,20:00,2019-12-27 20:00:00,,0.6,-17.5,-20.1,-53.42999999999996,18.0,-773.5699999999999
30714,2019-12-27 00:00:00,08:00,2019-12-27 08:00:00,20.0,0.0,-23.6,-26.2,-53.42999999999996,18.0,-773.5699999999999
30714,2019-12-26 00:00:00,20:00,2019-12-26 20:00:00,,0.0,-20.5,-23.1,-52.39000000000002,17.0,-720.14
30714,2019-12-26 00:00:00,08:00,2019-12-26 08:00:00,20.0,0.0,-19.8,-22.4,-52.39000000000002,17.0,-720.14
30714,2019-12-25 00:00:00,20:00,2019-12-25 20:00:00,,0.0,-23.5,-26.0,-62.75,16.0,-667.75
30714,2019-12-25 00:00:00,08:00,2019-12-25 08:00:00,20.0,0.0,-26.7,-29.2,-62.75,16.0,-667.75
30714,2019-12-24 00:00:00,20:00,2019-12-24 20:00:00,,0.2,-17.9,-20.5,-55.717499999999944,15.0,-605.0
30714,2019-12-24 00:00:00,08:00,2019-12-24 08:00:00,20.0,0.0,-25.8,-28.3,-55.717499999999944,15.0,-605.0
30714,2019-12-23 00:00:00,20:00,2019-12-23 20:00:00,,0.0,-19.9,-22.5,-52.529999999999944,14.0,-549.2825
30714,2019-12-23 00:00:00,08:00,2019-12-23 08:00:00,22.0,0.0,-21.3,-23.8,-52.529999999999944,14.0,-549.2825
30714,2019-12-22 00:00:00,20:00,2019-12-22 20:00:00,,0.0,-25.0,-28.1,-73.975,13.0,-496.75250000000005
30714,2019-12-22 00:00:00,08:00,2019-12-22 08:00:00,22.0,0.0,-28.8,-31.2,-73.975,13.0,-496.75250000000005
30714,2019-12-21 00:00:00,20:00,2019-12-21 20:00:00,,0.0,-15.3,-17.3,-45.5625,12.0,-422.77750000000003
30714,2019-12-21 00:00:00,08:00,2019-12-21 08:00:00,22.0,0.0,-25.2,-27.7,-45.5625,12.0,-422.77750000000003
30714,2019-12-20 00:00:00,20:00,2019-12-20 20:00:00,,0.0,-15.3,-18.0,-40.250000000000014,11.0,-377.21500000000003
30714,2019-12-20 00:00:00,08:00,2019-12-20 08:00:00,22.0,0.0,-19.7,-21.6,-40.250000000000014,11.0,-377.21500000000003
30714,2019-12-19 00:00:00,20:00,2019-12-19 20:00:00,,0.0,-16.3,-17.6,-39.045000000000044,10.0,-336.96500000000003
30714,2019-12-19 00:00:00,08:00,2019-12-19 08:00:00,22.0,0.0,-24.8,-27.3,-39.045000000000044,10.0,-336.96500000000003
30714,2019-12-18 00:00:00,20:00,2019-12-18 20:00:00,,0.0,-21.4,-23.2,-51.81499999999997,9.0,-297.91999999999996
30714,2019-12-18 00:00:00,08:00,2019-12-18 08:00:00,22.0,0.0,-26.8,-29.3,-51.81499999999997,9.0,-297.91999999999996
30714,2019-12-17 00:00:00,20:00,2019-12-17 20:00:00,,0.0,-21.9,-23.8,-57.94250000000006,8.0,-246.105
30714,2019-12-17 00:00:00,08:00,2019-12-17 08:00:00,24.0,0.0,-32.0,-34.4,-57.94250000000006,8.0,-246.105
30714,2019-12-16 00:00:00,20:00,2019-12-16 20:00:00,,0.0,-26.4,-28.9,-46.264999999999965,7.0,-188.16249999999994
30714,2019-12-16 00:00:00,08:00,2019-12-16 08:00:00,24.0,0.4,-22.3,-23.6,-46.264999999999965,7.0,-188.16249999999994
30714,2019-12-15 00:00:00,20:00,2019-12-15 20:00:00,,2.0,-12.7,-14.0,-26.159999999999968,6.0,-141.89749999999998
30714,2019-12-15 00:00:00,08:00,2019-12-15 08:00:00,20.0,0.0,-20.0,-21.9,-26.159999999999968,6.0,-141.89749999999998
30714,2019-12-14 00:00:00,20:00,2019-12-14 20:00:00,,0.0,-15.6,-17.5,-33.53500000000003,5.0,-115.73750000000001
30714,2019-12-14 00:00:00,08:00,2019-12-14 08:00:00,20.0,0.0,-19.7,-21.6,-33.53500000000003,5.0,-115.73750000000001
30714,2019-12-13 00:00:00,20:00,2019-12-13 20:00:00,,0.0,-16.3,-18.2,-28.552500000000027,4.0,-82.20249999999999
30714,2019-12-13 00:00:00,08:00,2019-12-13 08:00:00,21.0,0.0,-26.0,-26.8,-28.552500000000027,4.0,-82.20249999999999
30714,2019-12-12 00:00:00,20:00,2019-12-12 20:00:00,,1.0,-13.7,-15.0,-17.28999999999999,3.0,-53.64999999999996
30714,2019-12-12 00:00:00,08:00,2019-12-12 08:00:00,20.0,0.0,-12.9,-14.2,-17.28999999999999,3.0,-53.64999999999996
30714,2019-11-12 00:00:00,20:00,2019-11-12 20:00:00,,0.3,-9.7,-11.4,-15.450000000000001,3.0,-47.32499999999997
30714,2019-11-12 00:00:00,08:00,2019-11-12 08:00:00,23.0,0.2,-10.9,-12.2,-15.450000000000001,3.0,-47.32499999999997
30714,2019-10-12 00:00:00,20:00,2019-10-12 20:00:00,,0.0,-19.6,-21.5,-26.369999999999987,0.0,-26.369999999999987
30714,2019-10-12 00:00:00,08:00,2019-10-12 08:00:00,23.0,4.0,-9.7,-11.4,-26.369999999999987,0.0,-26.369999999999987
30714,2019-09-12 00:00:00,20:00,2019-09-12 20:00:00,,0.0,-10.5,-11.8,-16.38000000000001,2.0,-28.04500000000001
30714,2019-09-12 00:00:00,08:00,2019-09-12 08:00:00,17.0,0.0,-14.7,-16.0,-16.38000000000001,2.0,-28.04500000000001
30714,2019-08-12 00:00:00,20:00,2019-08-12 20:00:00,,0.0,-10.5,-11.8,-16.51000000000001,14.0,355.1250000000002
30714,2019-08-12 00:00:00,08:00,2019-08-12 08:00:00,17.0,0.2,-14.9,-16.2,-16.51000000000001,14.0,355.1250000000002
30714,2019-07-12 00:00:00,20:00,2019-07-12 20:00:00,,0.7,-5.1,-6.1,-15.345000000000018,3.0,-18.585000000000015
30714,2019-07-12 00:00:00,08:00,2019-07-12 08:00:00,16.0,0.0,-22.8,-24.0,-15.345000000000018,3.0,-18.585000000000015
30714,2019-06-12 00:00:00,20:00,2019-06-12 20:00:00,,0.0,-17.6,-18.8,-25.919999999999987,3.0,-17.129999999999967
30714,2019-06-12 00:00:00,08:00,2019-06-12 08:00:00,16.0,0.0,-25.6,-26.8,-25.919999999999987,3.0,-17.129999999999967
30714,2019-05-12 00:00:00,20:00,2019-05-12 20:00:00,,0.0,-16.1,-16.7,-15.254999999999978,3.0,-23.374999999999982
30714,2019-05-12 00:00:00,08:00,2019-05-12 08:00:00,16.0,0.0,-17.8,-19.0,-15.254999999999978,3.0,-23.374999999999982
30714,2019-04-12 00:00:00,20:00,2019-04-12 20:00:00,,0.0,-18.4,-19.6,-21.5625,17.0,-82.26000000000005
30714,2019-04-12 00:00:00,08:00,2019-04-12 08:00:00,16.0,0.0,-16.1,-17.4,-21.5625,17.0,-82.26000000000005
30714,2019-03-12 00:00:00,20:00,2019-03-12 20:00:00,,0.0,-16.6,-17.9,-25.090000000000014,6.0,125.00749999999998
30714,2019-03-12 00:00:00,08:00,2019-03-12 08:00:00,16.0,0.0,-22.0,-23.3,-25.090000000000014,6.0,125.00749999999998
30714,2019-02-12 00:00:00,20:00,2019-02-12 20:00:00,,0.4,-14.1,-15.4,-12.920000000000014,3.0,27.234999999999957
30714,2019-02-12 00:00:00,08:00,2019-02-12 08:00:00,16.0,1.0,-13.1,-13.7,-12.920000000000014,3.0,27.234999999999957
30714,2019-01-12 00:00:00,20:00,2019-01-12 20:00:00,,0.0,-13.9,-15.2,-23.812499999999932,6.0,190.03250000000006
30714,2019-01-12 00:00:00,08:00,2019-01-12 08:00:00,15.0,0.4,-24.2,-25.4,-23.812499999999932,6.0,190.03250000000006
30714,2019-11-30 00:00:00,20:00,2019-11-30 20:00:00,,0.5,-12.2,-13.5,-28.640000000000022,21.0,-730.7825000000001
30714,2019-11-30 00:00:00,08:00,2019-11-30 08:00:00,14.0,0.0,-23.6,-25.5,-28.640000000000022,21.0,-730.7825000000001
30714,2019-11-29 00:00:00,20:00,2019-11-29 20:00:00,,0.3,-21.8,-23.0,-22.3125,20.0,-702.1425000000002
30714,2019-11-29 00:00:00,08:00,2019-11-29 08:00:00,14.0,2.0,-13.9,-15.2,-22.3125,20.0,-702.1425000000002
30714,2019-11-28 00:00:00,20:00,2019-11-28 20:00:00,,0.0,-16.3,-18.2,-41.53249999999988,19.0,-679.8300000000002
30714,2019-11-28 00:00:00,08:00,2019-11-28 08:00:00,12.0,0.0,-28.6,-30.4,-41.53249999999988,19.0,-679.8300000000002
30714,2019-11-27 00:00:00,20:00,2019-11-27 20:00:00,,0.0,-22.4,-24.2,-55.23000000000003,18.0,-638.2975000000002
30714,2019-11-27 00:00:00,08:00,2019-11-27 08:00:00,12.0,0.0,-30.2,-32.6,-55.23000000000003,18.0,-638.2975000000002
30714,2019-11-26 00:00:00,20:00,2019-11-26 20:00:00,,0.0,-23.7,-25.6,-46.897500000000036,17.0,-583.0675000000002
30714,2019-11-26 00:00:00,08:00,2019-11-26 08:00:00,13.0,0.8,-27.0,-28.8,-46.897500000000036,17.0,-583.0675000000002
30714,2019-11-25 00:00:00,20:00,2019-11-25 20:00:00,,0.3,-12.5,-13.8,-29.915000000000013,16.0,-536.1700000000002
30714,2019-11-25 00:00:00,08:00,2019-11-25 08:00:00,10.0,0.0,-26.1,-27.9,-29.915000000000013,16.0,-536.1700000000002
30714,2019-11-24 00:00:00,20:00,2019-11-24 20:00:00,,0.0,-20.1,-21.3,-35.625,15.0,-506.2550000000002
30714,2019-11-24 00:00:00,08:00,2019-11-24 08:00:00,10.0,0.0,-27.4,-29.2,-35.625,15.0,-506.2550000000002
30714,2019-11-23 00:00:00,20:00,2019-11-23 20:00:00,,0.0,-21.7,-22.9,-36.115000000000094,14.0,-470.6300000000002
30714,2019-11-23 00:00:00,08:00,2019-11-23 08:00:00,11.0,0.0,-24.9,-26.8,-36.115000000000094,14.0,-470.6300000000002
30714,2019-11-22 00:00:00,20:00,2019-11-22 20:00:00,,0.0,-22.6,-24.4,-35.474999999999994,13.0,-434.5150000000001
30714,2019-11-22 00:00:00,08:00,2019-11-22 08:00:00,11.0,0.3,-24.7,-25.9,-35.474999999999994,13.0,-434.5150000000001
30714,2019-11-21 00:00:00,20:00,2019-11-21 20:00:00,,0.6,-13.8,-16.5,-25.6,12.0,-399.0400000000001
30714,2019-11-21 00:00:00,08:00,2019-11-21 08:00:00,12.0,0.6,-11.8,-13.1,-25.6,12.0,-399.0400000000001
30714,2019-11-20 00:00:00,20:00,2019-11-20 20:00:00,,0.0,-13.2,-14.5,-20.062500000000053,11.0,-373.44000000000005
30714,2019-11-20 00:00:00,08:00,2019-11-20 08:00:00,10.0,0.0,-18.9,-20.1,-20.062500000000053,11.0,-373.44000000000005
30714,2019-11-19 00:00:00,20:00,2019-11-19 20:00:00,,0.0,-16.5,-17.8,-40.692499999999946,10.0,-353.3775
30714,2019-11-19 00:00:00,08:00,2019-11-19 08:00:00,10.0,0.0,-23.2,-26.0,-40.692499999999946,10.0,-353.3775
30714,2019-11-18 00:00:00,20:00,2019-11-18 20:00:00,,0.0,-22.6,-24.4,-56.78500000000002,9.0,-312.68500000000006
30714,2019-11-18 00:00:00,08:00,2019-11-18 08:00:00,10.0,0.0,-32.8,-35.1,-56.78500000000002,9.0,-312.68500000000006
30714,2019-11-17 00:00:00,20:00,2019-11-17 20:00:00,,0.0,-26.6,-29.0,-72.12000000000006,8.0,-255.90000000000003
30714,2019-11-17 00:00:00,08:00,2019-11-17 08:00:00,10.0,0.0,-33.5,-35.9,-72.12000000000006,8.0,-255.90000000000003
30714,2019-11-16 00:00:00,20:00,2019-11-16 20:00:00,,0.8,-20.8,-23.3,-48.45000000000002,7.0,-183.77999999999997
30714,2019-11-16 00:00:00,08:00,2019-11-16 08:00:00,11.0,1.0,-17.2,-19.8,-48.45000000000002,7.0,-183.77999999999997
30714,2019-11-15 00:00:00,20:00,2019-11-15 20:00:00,,0.3,-15.7,-17.6,-30.320000000000025,6.0,-135.32999999999996
30714,2019-11-15 00:00:00,08:00,2019-11-15 08:00:00,8.0,0.0,-22.2,-23.5,-30.320000000000025,6.0,-135.32999999999996
30714,2019-11-14 00:00:00,20:00,2019-11-14 20:00:00,,0.3,-18.8,-20.7,-25.359999999999967,5.0,-105.00999999999993
30714,2019-11-14 00:00:00,08:00,2019-11-14 08:00:00,9.0,2.0,-12.9,-14.2,-25.359999999999967,5.0,-105.00999999999993
30714,2019-11-13 00:00:00,20:00,2019-11-13 20:00:00,,0.0,-17.7,-18.9,-32.324999999999996,4.0,-79.64999999999996
30714,2019-11-13 00:00:00,08:00,2019-11-13 08:00:00,5.0,0.0,-25.4,-27.2,-32.324999999999996,4.0,-79.64999999999996
30714,2019-12-11 00:00:00,20:00,2019-12-11 20:00:00,,0.3,-19.5,-21.4,-27.679999999999964,2.0,-36.35999999999997
30714,2019-12-11 00:00:00,08:00,2019-12-11 08:00:00,6.0,0.8,-15.1,-16.4,-27.679999999999964,2.0,-36.35999999999997
30714,2019-11-11 00:00:00,20:00,2019-11-11 20:00:00,,1.0,-13.5,-16.2,-29.492499999999975,2.0,-31.874999999999968
30714,2019-11-11 00:00:00,08:00,2019-11-11 08:00:00,5.0,0.4,-11.6,-13.6,-29.492499999999975,2.0,-31.874999999999968
30714,2019-10-11 00:00:00,20:00,2019-10-11 20:00:00,,0.2,-9.6,-13.2,-22.260000000000005,0.0,-22.260000000000005
30714,2019-10-11 00:00:00,08:00,2019-10-11 08:00:00,8.0,3.0,-7.2,-8.9,-22.260000000000005,0.0,-22.260000000000005
30714,2019-09-11 00:00:00,20:00,2019-09-11 20:00:00,,0.0,-1.8,-3.7,-11.439999999999998,1.0,-11.664999999999997
30714,2019-09-11 00:00:00,08:00,2019-09-11 08:00:00,Снежный покров не постоянный.,0.0,-12.5,-13.8,-11.439999999999998,1.0,-11.664999999999997
30714,2019-08-11 00:00:00,20:00,2019-08-11 20:00:00,,0.0,-3.3,-5.0,-10.049999999999999,13.0,371.6350000000002
30714,2019-08-11 00:00:00,08:00,2019-08-11 08:00:00,Снежный покров не постоянный.,0.0,-10.1,-11.4,-10.049999999999999,13.0,371.6350000000002
30714,2019-07-11 00:00:00,20:00,2019-07-11 20:00:00,,0.0,-4.3,-5.2,-8.799999999999997,2.0,-3.2399999999999975
30714,2019-07-11 00:00:00,08:00,2019-07-11 08:00:00,Снежный покров не постоянный.,0.0,-11.7,-13.0,-8.799999999999997,2.0,-3.2399999999999975
30714,2019-06-11 00:00:00,20:00,2019-06-11 20:00:00,,0.0,-4.8,-6.8,-12.45749999999999,2.0,8.790000000000022
30714,2019-06-11 00:00:00,08:00,2019-06-11 08:00:00,1.0,0.2,-10.3,-11.6,-12.45749999999999,2.0,8.790000000000022
30714,2019-05-11 00:00:00,20:00,2019-05-11 20:00:00,,0.4,-1.4,-2.9,-9.869999999999996,2.0,-8.120000000000005
30714,2019-05-11 00:00:00,08:00,2019-05-11 08:00:00,2.0,0.0,-12.7,-14.0,-9.869999999999996,2.0,-8.120000000000005
30714,2019-04-11 00:00:00,20:00,2019-04-11 20:00:00,,0.2,-4.1,-7.1,-10.229999999999997,16.0,-60.69750000000005
30714,2019-04-11 00:00:00,08:00,2019-04-11 08:00:00,3.0,2.0,-5.2,-6.6,-10.229999999999997,16.0,-60.69750000000005
30714,2019-03-11 00:00:00,20:00,2019-03-11 20:00:00,,0.3,-2.0,-5.3,-8.91,5.0,150.0975
30714,2019-03-11 00:00:00,08:00,2019-03-11 08:00:00,,0.0,-6.1,-7.2,-8.91,5.0,150.0975
30714,2019-02-11 00:00:00,20:00,2019-02-11 20:00:00,,0.0,-1.3,-3.2,-6.935000000000003,2.0,40.15499999999997
30714,2019-02-11 00:00:00,08:00,2019-02-11 08:00:00,,0.0,-6.0,-7.9,-6.935000000000003,2.0,40.15499999999997
30714,2019-01-11 00:00:00,20:00,2019-01-11 20:00:00,,0.0,-0.9,-3.1,-9.399999999999999,5.0,213.845
30714,2019-01-11 00:00:00,08:00,2019-01-11 08:00:00,Снежный покров не постоянный.,0.0,-7.1,-9.6,-9.399999999999999,5.0,213.845
30714,2019-10-31 00:00:00,20:00,2019-10-31 20:00:00,,0.0,-2.4,-5.3,-5.98,9.0,-176.21999999999997
30714,2019-10-31 00:00:00,08:00,2019-10-31 08:00:00,Снежный покров не постоянный.,0.0,-2.2,-4.5,-5.98,9.0,-176.21999999999997
30714,2019-10-30 00:00:00,20:00,2019-10-30 20:00:00,,2.0,0.6,-1.7,2.9250000000000003,8.0,-170.23999999999998
30714,2019-10-30 00:00:00,08:00,2019-10-30 08:00:00,Снежный покров не постоянный.,0.6,2.0,-0.2,2.9250000000000003,8.0,-170.23999999999998
30714,2019-10-29 00:00:00,20:00,2019-10-29 20:00:00,,0.0,0.9,-3.0,-6.84,7.0,-173.165
30714,2019-10-29 00:00:00,08:00,2019-10-29 08:00:00,3.0,0.0,-5.7,-7.5,-6.84,7.0,-173.165
30714,2019-10-28 00:00:00,20:00,2019-10-28 20:00:00,,0.0,-0.6,-2.7,-6.615000000000001,6.0,-166.325
30714,2019-10-28 00:00:00,08:00,2019-10-28 08:00:00,5.0,0.0,-4.8,-7.6,-6.615000000000001,6.0,-166.325
30714,2019-10-27 00:00:00,20:00,2019-10-27 20:00:00,,0.5,-7.7,-11.2,-15.079999999999998,5.0,-159.70999999999998
30714,2019-10-27 00:00:00,08:00,2019-10-27 08:00:00,5.0,2.0,-2.7,-5.0,-15.079999999999998,5.0,-159.70999999999998
30714,2019-10-26 00:00:00,20:00,2019-10-26 20:00:00,,0.0,-4.8,-7.6,-13.05,4.0,-144.63
30714,2019-10-26 00:00:00,08:00,2019-10-26 08:00:00,1.0,0.0,-4.2,-7.2,-13.05,4.0,-144.63
30714,2019-10-25 00:00:00,20:00,2019-10-25 20:00:00,,0.0,-3.3,-7.2,-27.885000000000005,3.0,-131.57999999999998
30714,2019-10-25 00:00:00,08:00,2019-10-25 08:00:00,2.0,0.0,-13.6,-16.3,-27.885000000000005,3.0,-131.57999999999998
30714,2019-10-24 00:00:00,20:00,2019-10-24 20:00:00,,0.0,-5.0,-8.6,-33.79,2.0,-103.695
30714,2019-10-24 00:00:00,08:00,2019-10-24 08:00:00,3.0,0.0,-16.8,-19.4,-33.79,2.0,-103.695
30714,2019-10-23 00:00:00,20:00,2019-10-23 20:00:00,,0.0,-5.9,-9.4,-39.375,1.0,-69.905
30714,2019-10-23 00:00:00,08:00,2019-10-23 08:00:00,5.0,0.0,-16.6,-20.1,-39.375,1.0,-69.905
30714,2019-10-22 00:00:00,20:00,2019-10-22 20:00:00,,0.4,-10.2,-13.0,-30.530000000000005,0.0,-30.530000000000005
30714,2019-10-22 00:00:00,08:00,2019-10-22 08:00:00,6.0,4.0,-7.0,-11.3,-30.530000000000005,0.0,-30.530000000000005
30714,2019-10-21 00:00:00,20:00,2019-10-21 20:00:00,,1.0,-2.6,-5.9,-11.05,2.0,-28.0025
30714,2019-10-21 00:00:00,08:00,2019-10-21 08:00:00,,0.0,-2.6,-7.8,-11.05,2.0,-28.0025
30714,2019-10-20 00:00:00,20:00,2019-10-20 20:00:00,,0.0,0.4,-6.2,-13.127500000000001,1.0,-16.9525
30714,2019-10-20 00:00:00,08:00,2019-10-20 08:00:00,3.0,0.0,-6.3,-8.6,-13.127500000000001,1.0,-16.9525
30714,2019-10-19 00:00:00,20:00,2019-10-19 20:00:00,,0.0,-2.9,-5.3,-3.8249999999999997,0.0,-3.8249999999999997
30714,2019-10-19 00:00:00,08:00,2019-10-19 08:00:00,5.0,5.0,-0.1,-2.8,-3.8249999999999997,0.0,-3.8249999999999997
30714,2019-10-18 00:00:00,20:00,2019-10-18 20:00:00,,0.0,2.4,-2.9,-2.035,6.0,-98.98249999999996
30714,2019-10-18 00:00:00,08:00,2019-10-18 08:00:00,,0.0,-3.5,-5.6,-2.035,6.0,-98.98249999999996
30714,2019-10-17 00:00:00,20:00,2019-10-17 20:00:00,,0.0,0.6,-4.4,-10.800000000000002,5.0,-96.94749999999996
30714,2019-10-17 00:00:00,08:00,2019-10-17 08:00:00,,0.0,-7.8,-8.8,-10.800000000000002,5.0,-96.94749999999996
30714,2019-10-16 00:00:00,20:00,2019-10-16 20:00:00,,0.0,0.3,-4.8,-12.024999999999997,4.0,-86.14749999999997
30714,2019-10-16 00:00:00,08:00,2019-10-16 08:00:00,,0.0,-7.7,-9.1,-12.024999999999997,4.0,-86.14749999999997
30714,2019-10-15 00:00:00,20:00,2019-10-15 20:00:00,,0.0,-1.0,-4.5,-12.75,3.0,-74.12249999999997
30714,2019-10-15 00:00:00,08:00,2019-10-15 08:00:00,,0.0,-9.0,-10.6,-12.75,3.0,-74.12249999999997
30714,2019-10-14 00:00:00,20:00,2019-10-14 20:00:00,,0.0,-2.4,-7.4,-19.74000000000001,2.0,-61.37249999999998
30714,2019-10-14 00:00:00,08:00,2019-10-14 08:00:00,,0.0,-11.7,-12.3,-19.74000000000001,2.0,-61.37249999999998
30714,2019-10-13 00:00:00,20:00,2019-10-13 20:00:00,,0.0,-3.1,-5.1,-15.262499999999987,1.0,-41.63249999999997
30714,2019-10-13 00:00:00,08:00,2019-10-13 08:00:00,Снежный покров не постоянный.,0.0,-15.4,-16.7,-15.262499999999987,1.0,-41.63249999999997
30714,2019-12-10 00:00:00,20:00,2019-12-10 20:00:00,,0.0,-5.1,-8.0,-13.630000000000008,1.0,-8.680000000000007
30714,2019-12-10 00:00:00,08:00,2019-12-10 08:00:00,2.0,0.0,-13.7,-13.7,-13.630000000000008,1.0,-8.680000000000007
30714,2019-11-10 00:00:00,20:00,2019-11-10 20:00:00,,0.0,-3.5,-6.0,-11.262500000000001,1.0,-2.382499999999993
30714,2019-11-10 00:00:00,08:00,2019-11-10 08:00:00,2.0,0.0,-5.0,-7.8,-11.262500000000001,1.0,-2.382499999999993
30714,2019-10-10 00:00:00,20:00,2019-10-10 20:00:00,,1.0,-3.6,-5.2,-3.909999999999999,2.0,25.07000000000001
30714,2019-10-10 00:00:00,08:00,2019-10-10 08:00:00,4.0,2.0,-3.2,-3.9,-3.909999999999999,2.0,25.07000000000001
30714,2019-09-10 00:00:00,20:00,2019-09-10 20:00:00,,0.5,0.5,-2.5,-0.22499999999999995,0.0,-0.22499999999999995
30714,2019-09-10 00:00:00,08:00,2019-09-10 08:00:00,,3.0,-0.7,-2.2,-0.22499999999999995,0.0,-0.22499999999999995
30714,2019-08-10 00:00:00,20:00,2019-08-10 20:00:00,,0.0,9.9,3.5,8.695,12.0,381.68500000000023
30714,2019-08-10 00:00:00,08:00,2019-08-10 08:00:00,,0.0,-5.2,-6.2,8.695,12.0,381.68500000000023
30714,2019-07-10 00:00:00,20:00,2019-07-10 20:00:00,,0.0,3.1,1.8,1.7099999999999997,1.0,5.56
30714,2019-07-10 00:00:00,08:00,2019-07-10 08:00:00,Менее 0.5,1.0,0.7,0.2,1.7099999999999997,1.0,5.56
30714,2019-06-10 00:00:00,20:00,2019-06-10 20:00:00,,2.0,1.7,-0.5,2.2424999999999997,1.0,21.247500000000013
30714,2019-06-10 00:00:00,08:00,2019-06-10 08:00:00,,0.0,0.6,-1.1,2.2424999999999997,1.0,21.247500000000013
30714,2019-05-10 00:00:00,20:00,2019-05-10 20:00:00,,0.0,5.2,-3.3,-5.005000000000001,1.0,1.7499999999999911
30714,2019-05-10 00:00:00,08:00,2019-05-10 08:00:00,,0.0,-7.4,-8.0,-5.005000000000001,1.0,1.7499999999999911
30714,2019-04-10 00:00:00,20:00,2019-04-10 20:00:00,,0.0,1.9,-1.8,-5.757499999999999,15.0,-50.46750000000005
30714,2019-04-10 00:00:00,08:00,2019-04-10 08:00:00,,0.0,-6.6,-7.8,-5.757499999999999,15.0,-50.46750000000005
30714,2019-03-10 00:00:00,20:00,2019-03-10 20:00:00,,0.0,0.4,-3.9,-9.240000000000002,4.0,159.0075
30714,2019-03-10 00:00:00,08:00,2019-03-10 08:00:00,,0.0,-7.0,-8.3,-9.240000000000002,4.0,159.0075
30714,2019-02-10 00:00:00,20:00,2019-02-10 20:00:00,,0.0,1.3,-2.2,0.33,1.0,47.089999999999975
30714,2019-02-10 00:00:00,08:00,2019-02-10 08:00:00,Менее 0.5,0.7,-1.0,-1.9,0.33,1.0,47.089999999999975
30714,2019-01-10 00:00:00,20:00,2019-01-10 20:00:00,,0.0,1.7,-1.4,1.265,4.0,223.245
30714,2019-01-10 00:00:00,08:00,2019-01-10 08:00:00,,0.4,-0.6,-2.1,1.265,4.0,223.245
30714,2019-09-30 00:00:00,20:00,2019-09-30 20:00:00,,2.0,4.6,3.3,5.4375,1.0,38.015
30714,2019-09-30 00:00:00,08:00,2019-09-30 08:00:00,,0.0,4.1,2.9,5.4375,1.0,38.015
30714,2019-09-29 00:00:00,20:00,2019-09-29 20:00:00,,5.0,6.2,4.1,32.5775,0.0,32.5775
30714,2019-09-29 00:00:00,08:00,2019-09-29 08:00:00,,0.4,9.5,3.3,32.5775,0.0,32.5775
30714,2019-09-28 00:00:00,20:00,2019-09-28 20:00:00,,0.0,5.7,4.3,1.5750000000000002,1.0,31.589999999999993
30714,2019-09-28 00:00:00,08:00,2019-09-28 08:00:00,,0.0,-2.7,-3.4,1.5750000000000002,1.0,31.589999999999993
30714,2019-09-27 00:00:00,20:00,2019-09-27 20:00:00,,0.0,10.7,2.5,30.014999999999993,0.0,30.014999999999993
30714,2019-09-27 00:00:00,08:00,2019-09-27 08:00:00,,10.0,3.1,2.6,30.014999999999993,0.0,30.014999999999993
30714,2019-09-26 00:00:00,20:00,2019-09-26 20:00:00,,0.0,11.2,6.8,40.279999999999994,10.0,256.97999999999996
30714,2019-09-26 00:00:00,08:00,2019-09-26 08:00:00,,0.0,10.0,6.8,40.279999999999994,10.0,256.97999999999996
30714,2019-09-25 00:00:00,20:00,2019-09-25 20:00:00,,0.0,14.5,8.8,24.989999999999995,9.0,216.7
30714,2019-09-25 00:00:00,08:00,2019-09-25 08:00:00,,0.0,0.2,-0.9,24.989999999999995,9.0,216.7
30714,2019-09-24 00:00:00,20:00,2019-09-24 20:00:00,,0.0,13.1,8.6,27.300000000000008,8.0,191.71
30714,2019-09-24 00:00:00,08:00,2019-09-24 08:00:00,,0.0,3.7,1.7,27.300000000000008,8.0,191.71
30714,2019-09-23 00:00:00,20:00,2019-09-23 20:00:00,,0.0,13.5,5.2,26.97,7.0,164.41
30714,2019-09-23 00:00:00,08:00,2019-09-23 08:00:00,,0.0,-1.1,-1.5,26.97,7.0,164.41
30714,2019-09-22 00:00:00,20:00,2019-09-22 20:00:00,,,10.8,5.9,37.555,6.0,137.44
30714,2019-09-22 00:00:00,08:00,2019-09-22 08:00:00,,0.0,9.5,7.0,37.555,6.0,137.44
30714,2019-09-21 00:00:00,20:00,2019-09-21 20:00:00,,0.0,13.5,7.6,23.115000000000006,5.0,99.885
30714,2019-09-21 00:00:00,08:00,2019-09-21 08:00:00,,0.0,0.3,-0.5,23.115000000000006,5.0,99.885
30714,2019-09-20 00:00:00,20:00,2019-09-20 20:00:00,,0.0,13.4,7.5,22.365,4.0,76.77
30714,2019-09-20 00:00:00,08:00,2019-09-20 08:00:00,,0.0,-0.8,-2.0,22.365,4.0,76.77
30714,2019-09-19 00:00:00,20:00,2019-09-19 20:00:00,,0.0,8.8,7.1,10.465000000000007,3.0,54.405
30714,2019-09-19 00:00:00,08:00,2019-09-19 08:00:00,,0.0,7.3,6.4,10.465000000000007,3.0,54.405
30714,2019-09-18 00:00:00,20:00,2019-09-18 20:00:00,,0.0,12.3,7.4,21.8025,2.0,43.93999999999999
30714,2019-09-18 00:00:00,08:00,2019-09-18 08:00:00,,0.0,3.0,2.2,21.8025,2.0,43.93999999999999
30714,2019-09-17 00:00:00,20:00,2019-09-17 20:00:00,,0.0,10.2,6.6,16.017499999999995,1.0,22.137499999999992
30714,2019-09-17 00:00:00,08:00,2019-09-17 08:00:00,,0.0,4.7,4.0,16.017499999999995,1.0,22.137499999999992
30714,2019-09-16 00:00:00,20:00,2019-09-16 20:00:00,,5.0,6.9,5.3,6.119999999999998,0.0,6.119999999999998
30714,2019-09-16 00:00:00,08:00,2019-09-16 08:00:00,,0.0,3.3,2.5,6.119999999999998,0.0,6.119999999999998
30714,2019-09-15 00:00:00,20:00,2019-09-15 20:00:00,,0.0,9.2,5.2,10.694999999999997,5.0,-10.350000000000012
30714,2019-09-15 00:00:00,08:00,2019-09-15 08:00:00,,0.0,0.1,-0.5,10.694999999999997,5.0,-10.350000000000012
30714,2019-09-14 00:00:00,20:00,2019-09-14 20:00:00,,0.8,3.0,1.2,0.2499999999999999,4.0,-21.04500000000001
30714,2019-09-14 00:00:00,08:00,2019-09-14 08:00:00,,0.0,-2.6,-3.3,0.2499999999999999,4.0,-21.04500000000001
30714,2019-09-13 00:00:00,20:00,2019-09-13 20:00:00,,0.0,8.5,6.3,6.75,3.0,-21.29500000000001
30714,2019-09-13 00:00:00,08:00,2019-09-13 08:00:00,,1.0,0.5,-0.3,6.75,3.0,-21.29500000000001
30714,2019-12-09 00:00:00,20:00,2019-12-09 20:00:00,,7.0,4.9,2.7,4.950000000000001,0.0,4.950000000000001
30714,2019-12-09 00:00:00,08:00,2019-12-09 08:00:00,,0.5,1.7,0.9,4.950000000000001,0.0,4.950000000000001
30714,2019-11-09 00:00:00,20:00,2019-11-09 20:00:00,,25.0,5.8,4.2,8.880000000000008,0.0,8.880000000000008
30714,2019-11-09 00:00:00,08:00,2019-11-09 08:00:00,,3.0,9.0,8.2,8.880000000000008,0.0,8.880000000000008
30714,2019-10-09 00:00:00,20:00,2019-10-09 20:00:00,,0.0,13.7,12.0,10.319999999999993,1.0,28.98000000000001
30714,2019-10-09 00:00:00,08:00,2019-10-09 08:00:00,,0.0,3.5,2.8,10.319999999999993,1.0,28.98000000000001
30714,2019-09-09 00:00:00,20:00,2019-09-09 20:00:00,,0.0,10.5,7.8,6.600000000000001,2.0,68.0
30714,2019-09-09 00:00:00,08:00,2019-09-09 08:00:00,,0.0,-2.5,-3.1,6.600000000000001,2.0,68.0
30714,2019-08-09 00:00:00,20:00,2019-08-09 20:00:00,,0.0,7.1,3.6,7.379999999999999,11.0,372.99000000000024
30714,2019-08-09 00:00:00,08:00,2019-08-09 08:00:00,,0.7,0.1,-0.5,7.379999999999999,11.0,372.99000000000024
30714,2019-07-09 00:00:00,20:00,2019-07-09 20:00:00,,11.0,4.6,3.4,3.8499999999999996,0.0,3.8499999999999996
30714,2019-07-09 00:00:00,08:00,2019-07-09 08:00:00,,13.0,3.1,2.3,3.8499999999999996,0.0,3.8499999999999996
30714,2019-06-09 00:00:00,20:00,2019-06-09 20:00:00,,0.0,10.4,6.8,19.005000000000013,0.0,19.005000000000013
30714,2019-06-09 00:00:00,08:00,2019-06-09 08:00:00,,4.0,7.7,7.1,19.005000000000013,0.0,19.005000000000013
30714,2019-05-09 00:00:00,20:00,2019-05-09 20:00:00,,7.0,9.7,8.9,6.754999999999992,0.0,6.754999999999992
30714,2019-05-09 00:00:00,08:00,2019-05-09 08:00:00,,2.0,9.6,9.0,6.754999999999992,0.0,6.754999999999992
30714,2019-04-09 00:00:00,20:00,2019-04-09 20:00:00,,0.4,17.0,9.8,54.90999999999998,14.0,-44.71000000000005
30714,2019-04-09 00:00:00,08:00,2019-04-09 08:00:00,,0.0,11.9,11.5,54.90999999999998,14.0,-44.71000000000005
30714,2019-03-09 00:00:00,20:00,2019-03-09 20:00:00,,2.0,15.6,10.3,45.880000000000024,3.0,168.2475
30714,2019-03-09 00:00:00,08:00,2019-03-09 08:00:00,,0.0,14.0,13.1,45.880000000000024,3.0,168.2475
30714,2019-02-09 00:00:00,20:00,2019-02-09 20:00:00,,0.0,19.9,14.8,46.75999999999998,0.0,46.75999999999998
30714,2019-02-09 00:00:00,08:00,2019-02-09 08:00:00,,6.0,13.5,13.0,46.75999999999998,0.0,46.75999999999998
30714,2019-01-09 00:00:00,20:00,2019-01-09 20:00:00,,0.0,21.0,17.6,29.347500000000007,3.0,221.98000000000002
30714,2019-01-09 00:00:00,08:00,2019-01-09 08:00:00,,0.0,6.3,5.4,29.347500000000007,3.0,221.98000000000002
30714,2019-08-31 00:00:00,20:00,2019-08-31 20:00:00,,0.0,21.4,17.2,34.800000000000004,6.0,239.04
30714,2019-08-31 00:00:00,08:00,2019-08-31 08:00:00,,0.0,7.6,7.0,34.800000000000004,6.0,239.04
30714,2019-08-30 00:00:00,20:00,2019-08-30 20:00:00,,0.0,18.8,14.7,39.015000000000015,5.0,204.23999999999998
30714,2019-08-30 00:00:00,08:00,2019-08-30 08:00:00,,1.0,11.8,10.8,39.015000000000015,5.0,204.23999999999998
30714,2019-08-29 00:00:00,20:00,2019-08-29 20:00:00,,0.0,19.2,13.8,41.73749999999998,4.0,165.22499999999997
30714,2019-08-29 00:00:00,08:00,2019-08-29 08:00:00,,0.0,7.3,6.4,41.73749999999998,4.0,165.22499999999997
30714,2019-08-28 00:00:00,20:00,2019-08-28 20:00:00,,0.0,19.2,14.9,28.625,3.0,123.48749999999998
30714,2019-08-28 00:00:00,08:00,2019-08-28 08:00:00,,0.0,3.7,3.0,28.625,3.0,123.48749999999998
30714,2019-08-27 00:00:00,20:00,2019-08-27 20:00:00,,0.0,15.5,10.6,27.159999999999986,2.0,94.86249999999998
30714,2019-08-27 00:00:00,08:00,2019-08-27 08:00:00,,0.0,3.9,3.2,27.159999999999986,2.0,94.86249999999998
30714,2019-08-26 00:00:00,20:00,2019-08-26 20:00:00,,0.1,14.4,8.9,47.4375,1.0,67.7025
30714,2019-08-26 00:00:00,08:00,2019-08-26 08:00:00,,0.5,10.9,8.9,47.4375,1.0,67.7025
30714,2019-08-25 00:00:00,20:00,2019-08-25 20:00:00,,0.3,13.6,10.3,20.264999999999997,0.0,20.264999999999997
30714,2019-08-25 00:00:00,08:00,2019-08-25 08:00:00,,3.0,5.7,4.8,20.264999999999997,0.0,20.264999999999997
30714,2019-08-24 00:00:00,20:00,2019-08-24 20:00:00,,10.0,14.2,12.7,15.455000000000021,0.0,15.455000000000021
30714,2019-08-24 00:00:00,08:00,2019-08-24 08:00:00,,2.0,13.9,13.2,15.455000000000021,0.0,15.455000000000021
30714,2019-08-23 00:00:00,20:00,2019-08-23 20:00:00,,0.0,21.3,17.8,29.044999999999966,4.0,104.51499999999999
30714,2019-08-23 00:00:00,08:00,2019-08-23 08:00:00,,0.0,10.1,9.9,29.044999999999966,4.0,104.51499999999999
30714,2019-08-22 00:00:00,20:00,2019-08-22 20:00:00,,0.0,17.1,14.9,20.625,3.0,75.47000000000003
30714,2019-08-22 00:00:00,08:00,2019-08-22 08:00:00,,0.0,10.4,9.6,20.625,3.0,75.47000000000003
30714,2019-08-21 00:00:00,20:00,2019-08-21 20:00:00,,0.0,17.6,14.7,21.42000000000001,2.0,54.84500000000002
30714,2019-08-21 00:00:00,08:00,2019-08-21 08:00:00,,0.0,6.2,5.5,21.42000000000001,2.0,54.84500000000002
30714,2019-08-20 00:00:00,20:00,2019-08-20 20:00:00,,0.0,13.5,11.8,14.4375,1.0,33.42500000000001
30714,2019-08-20 00:00:00,08:00,2019-08-20 08:00:00,,0.5,9.6,8.8,14.4375,1.0,33.42500000000001
30714,2019-08-19 00:00:00,20:00,2019-08-19 20:00:00,,16.0,11.9,9.7,18.987500000000008,0.0,18.987500000000008
30714,2019-08-19 00:00:00,08:00,2019-08-19 08:00:00,,2.0,12.6,11.7,18.987500000000008,0.0,18.987500000000008
30714,2019-08-18 00:00:00,20:00,2019-08-18 20:00:00,,0.0,16.3,13.3,21.959999999999987,1.0,33.074999999999974
30714,2019-08-18 00:00:00,08:00,2019-08-18 08:00:00,,0.0,8.1,7.5,21.959999999999987,1.0,33.074999999999974
30714,2019-08-17 00:00:00,20:00,2019-08-17 20:00:00,,4.0,12.5,11.4,11.114999999999991,0.0,11.114999999999991
30714,2019-08-17 00:00:00,08:00,2019-08-17 08:00:00,,5.0,10.9,10.1,11.114999999999991,0.0,11.114999999999991
30714,2019-08-16 00:00:00,20:00,2019-08-16 20:00:00,,0.0,18.0,13.0,39.03999999999999,2.0,76.52499999999998
30714,2019-08-16 00:00:00,08:00,2019-08-16 08:00:00,,0.0,6.4,5.0,39.03999999999999,2.0,76.52499999999998
30714,2019-08-15 00:00:00,20:00,2019-08-15 20:00:00,,0.0,15.5,11.4,28.875,1.0,37.48499999999999
30714,2019-08-15 00:00:00,08:00,2019-08-15 08:00:00,,0.0,7.6,6.7,28.875,1.0,37.48499999999999
30714,2019-08-14 00:00:00,20:00,2019-08-14 20:00:00,,7.0,10.4,9.4,8.60999999999999,0.0,8.60999999999999
30714,2019-08-14 00:00:00,08:00,2019-08-14 08:00:00,,0.0,6.0,4.9,8.60999999999999,0.0,8.60999999999999
30714,2019-08-13 00:00:00,20:00,2019-08-13 20:00:00,,2.0,14.3,11.5,17.680000000000017,15.0,372.80500000000023
30714,2019-08-13 00:00:00,08:00,2019-08-13 08:00:00,,2.0,7.8,7.4,17.680000000000017,15.0,372.80500000000023
30714,2019-12-08 00:00:00,20:00,2019-12-08 20:00:00,,5.0,12.8,11.1,12.535000000000004,0.0,12.535000000000004
30714,2019-12-08 00:00:00,08:00,2019-12-08 08:00:00,,0.4,9.0,8.4,12.535000000000004,0.0,12.535000000000004
30714,2019-11-08 00:00:00,20:00,2019-11-08 20:00:00,,21.0,13.0,12.1,9.310000000000015,0.0,9.310000000000015
30714,2019-11-08 00:00:00,08:00,2019-11-08 08:00:00,,0.9,13.6,13.1,9.310000000000015,0.0,9.310000000000015
30714,2019-10-08 00:00:00,20:00,2019-10-08 20:00:00,,19.0,19.0,17.7,18.660000000000018,0.0,18.660000000000018
30714,2019-10-08 00:00:00,08:00,2019-10-08 08:00:00,,0.0,12.1,11.0,18.660000000000018,0.0,18.660000000000018
30714,2019-09-08 00:00:00,20:00,2019-09-08 20:00:00,,0.0,19.2,15.7,40.6775,1.0,61.39999999999999
30714,2019-09-08 00:00:00,08:00,2019-09-08 08:00:00,,0.0,11.5,9.7,40.6775,1.0,61.39999999999999
30714,2019-08-08 00:00:00,20:00,2019-08-08 20:00:00,,0.0,17.6,15.2,23.03250000000002,10.0,365.61000000000024
30714,2019-08-08 00:00:00,08:00,2019-08-08 08:00:00,,0.0,7.3,6.0,23.03250000000002,10.0,365.61000000000024
30714,2019-07-08 00:00:00,20:00,2019-07-08 20:00:00,,0.0,18.6,10.2,172.95999999999995,1.0,258.75249999999994
30714,2019-07-08 00:00:00,08:00,2019-07-08 08:00:00,,0.0,18.2,7.8,172.95999999999995,1.0,258.75249999999994
30714,2019-06-08 00:00:00,20:00,2019-06-08 20:00:00,,0.0,19.6,12.7,56.980000000000025,1.0,83.89000000000004
30714,2019-06-08 00:00:00,08:00,2019-06-08 08:00:00,,0.0,10.0,9.2,56.980000000000025,1.0,83.89000000000004
30714,2019-05-08 00:00:00,20:00,2019-05-08 20:00:00,,0.0,22.2,18.2,40.92000000000004,4.0,328.82250000000005
30714,2019-05-08 00:00:00,08:00,2019-05-08 08:00:00,,0.0,11.9,11.1,40.92000000000004,4.0,328.82250000000005
30714,2019-04-08 00:00:00,20:00,2019-04-08 20:00:00,,0.8,21.9,18.9,44.1,13.0,-99.62000000000003
30714,2019-04-08 00:00:00,08:00,2019-04-08 08:00:00,,2.0,17.3,15.8,44.1,13.0,-99.62000000000003
30714,2019-03-08 00:00:00,20:00,2019-03-08 20:00:00,,0.5,19.5,17.5,26.19499999999998,2.0,122.36749999999998
30714,2019-03-08 00:00:00,08:00,2019-03-08 08:00:00,,0.3,14.3,13.2,26.19499999999998,2.0,122.36749999999998
30714,2019-02-08 00:00:00,20:00,2019-02-08 20:00:00,,0.0,21.9,18.6,33.14999999999999,33.0,-954.6191666666667
30714,2019-02-08 00:00:00,08:00,2019-02-08 08:00:00,,0.0,12.1,11.5,33.14999999999999,33.0,-954.6191666666667
30714,2019-01-08 00:00:00,20:00,2019-01-08 20:00:00,,0.0,18.2,16.0,-3.159999999999989,2.0,192.63250000000002
30714,2019-01-08 00:00:00,08:00,2019-01-08 08:00:00,,0.0,13.4,,-3.159999999999989,2.0,192.63250000000002
30714,2019-07-31 00:00:00,20:00,2019-07-31 20:00:00,,0.0,21.2,19.2,22.329999999999977,2.0,82.1
30714,2019-07-31 00:00:00,08:00,2019-07-31 08:00:00,,0.0,10.7,9.9,22.329999999999977,2.0,82.1
30714,2019-07-30 00:00:00,20:00,2019-07-30 20:00:00,,0.0,19.2,16.4,25.075000000000017,1.0,59.77000000000001
30714,2019-07-30 00:00:00,08:00,2019-07-30 08:00:00,,0.0,10.3,9.7,25.075000000000017,1.0,59.77000000000001
30714,2019-07-29 00:00:00,20:00,2019-07-29 20:00:00,,12.0,14.6,10.4,34.69499999999999,0.0,34.69499999999999
30714,2019-07-29 00:00:00,08:00,2019-07-29 08:00:00,,18.0,11.1,9.9,34.69499999999999,0.0,34.69499999999999
30714,2019-07-28 00:00:00,20:00,2019-07-28 20:00:00,,42.0,11.7,10.1,23.30249999999999,0.0,23.30249999999999
30714,2019-07-28 00:00:00,08:00,2019-07-28 08:00:00,,27.0,12.2,9.9,23.30249999999999,0.0,23.30249999999999
30714,2019-07-27 00:00:00,20:00,2019-07-27 20:00:00,,11.0,13.9,12.8,15.674999999999995,0.0,15.674999999999995
30714,2019-07-27 00:00:00,08:00,2019-07-27 08:00:00,,2.0,14.6,13.5,15.674999999999995,0.0,15.674999999999995
30714,2019-07-26 00:00:00,20:00,2019-07-26 20:00:00,,20.0,15.9,15.0,11.130000000000017,0.0,11.130000000000017
30714,2019-07-26 00:00:00,08:00,2019-07-26 08:00:00,,2.0,15.9,15.4,11.130000000000017,0.0,11.130000000000017
30714,2019-07-25 00:00:00,20:00,2019-07-25 20:00:00,,22.0,18.6,17.3,22.875,0.0,22.875
30714,2019-07-25 00:00:00,08:00,2019-07-25 08:00:00,,0.0,11.9,10.2,22.875,0.0,22.875
30714,2019-07-24 00:00:00,20:00,2019-07-24 20:00:00,,1.0,20.7,15.3,54.49500000000001,3.0,159.195
30714,2019-07-24 00:00:00,08:00,2019-07-24 08:00:00,,0.4,13.9,13.0,54.49500000000001,3.0,159.195
30714,2019-07-23 00:00:00,20:00,2019-07-23 20:00:00,,0.0,20.0,16.0,44.115000000000016,2.0,104.69999999999999
30714,2019-07-23 00:00:00,08:00,2019-07-23 08:00:00,,0.0,14.6,13.5,44.115000000000016,2.0,104.69999999999999
30714,2019-07-22 00:00:00,20:00,2019-07-22 20:00:00,,0.0,20.6,16.1,44.625,1.0,60.58499999999998
30714,2019-07-22 00:00:00,08:00,2019-07-22 08:00:00,,0.4,15.1,14.6,44.625,1.0,60.58499999999998
30714,2019-07-21 00:00:00,20:00,2019-07-21 20:00:00,,9.0,17.3,16.1,15.959999999999983,0.0,15.959999999999983
30714,2019-07-21 00:00:00,08:00,2019-07-21 08:00:00,,0.4,13.1,12.2,15.959999999999983,0.0,15.959999999999983
30714,2019-07-20 00:00:00,20:00,2019-07-20 20:00:00,,7.0,16.9,15.7,14.914999999999988,0.0,14.914999999999988
30714,2019-07-20 00:00:00,08:00,2019-07-20 08:00:00,,0.0,14.5,13.8,14.914999999999988,0.0,14.914999999999988
30714,2019-07-19 00:00:00,20:00,2019-07-19 20:00:00,,17.0,16.0,14.6,37.95000000000001,0.0,37.95000000000001
30714,2019-07-19 00:00:00,08:00,2019-07-19 08:00:00,,0.0,17.0,13.8,37.95000000000001,0.0,37.95000000000001
30714,2019-07-18 00:00:00,20:00,2019-07-18 20:00:00,,0.4,19.8,15.6,69.0,2.0,146.78
30714,2019-07-18 00:00:00,08:00,2019-07-18 08:00:00,,0.0,17.0,13.7,69.0,2.0,146.78
30714,2019-07-17 00:00:00,20:00,2019-07-17 20:00:00,,0.0,23.5,21.4,29.76000000000003,1.0,77.78
30714,2019-07-17 00:00:00,08:00,2019-07-17 08:00:00,,0.0,13.7,12.6,29.76000000000003,1.0,77.78
30714,2019-07-16 00:00:00,20:00,2019-07-16 20:00:00,,0.0,20.4,15.5,48.019999999999975,0.0,48.019999999999975
30714,2019-07-16 00:00:00,08:00,2019-07-16 08:00:00,,6.0,13.9,13.2,48.019999999999975,0.0,48.019999999999975
30714,2019-07-15 00:00:00,20:00,2019-07-15 20:00:00,,12.0,14.6,13.7,12.915000000000004,0.0,12.915000000000004
30714,2019-07-15 00:00:00,08:00,2019-07-15 08:00:00,,7.0,14.1,13.2,12.915000000000004,0.0,12.915000000000004
30714,2019-07-14 00:00:00,20:00,2019-07-14 20:00:00,,0.0,20.5,18.4,29.37000000000004,5.0,49.20750000000005
30714,2019-07-14 00:00:00,08:00,2019-07-14 08:00:00,,0.0,15.1,13.9,29.37000000000004,5.0,49.20750000000005
30714,2019-07-13 00:00:00,20:00,2019-07-13 20:00:00,,0.0,18.8,15.2,38.42250000000003,4.0,19.837500000000013
30714,2019-07-13 00:00:00,08:00,2019-07-13 08:00:00,,0.0,13.9,12.8,38.42250000000003,4.0,19.837500000000013
30714,2019-12-07 00:00:00,20:00,2019-12-07 20:00:00,,0.7,16.3,14.6,35.58250000000004,28.0,-741.2183333333335
30714,2019-12-07 00:00:00,08:00,2019-12-07 08:00:00,,0.0,16.8,14.2,35.58250000000004,28.0,-741.2183333333335
30714,2019-11-07 00:00:00,20:00,2019-11-07 20:00:00,,0.0,21.2,16.8,54.150000000000006,1.0,71.37500000000001
30714,2019-11-07 00:00:00,08:00,2019-11-07 08:00:00,,0.0,14.9,13.3,54.150000000000006,1.0,71.37500000000001
30714,2019-10-07 00:00:00,20:00,2019-10-07 20:00:00,,2.0,18.8,17.0,24.52500000000003,1.0,70.10250000000005
30714,2019-10-07 00:00:00,08:00,2019-10-07 08:00:00,,0.0,13.9,12.7,24.52500000000003,1.0,70.10250000000005
30714,2019-09-07 00:00:00,20:00,2019-09-07 20:00:00,,13.0,16.0,15.3,20.722499999999993,0.0,20.722499999999993
30714,2019-09-07 00:00:00,08:00,2019-09-07 08:00:00,,0.0,14.7,12.7,20.722499999999993,0.0,20.722499999999993
30714,2019-08-07 00:00:00,20:00,2019-08-07 20:00:00,,0.0,27.6,14.0,165.6000000000001,9.0,342.5775000000002
30714,2019-08-07 00:00:00,08:00,2019-08-07 08:00:00,,0.0,13.8,11.4,165.6000000000001,9.0,342.5775000000002
30714,2019-07-07 00:00:00,20:00,2019-07-07 20:00:00,,0.0,23.0,14.8,85.79249999999998,0.0,85.79249999999998
30714,2019-07-07 00:00:00,08:00,2019-07-07 08:00:00,,12.0,13.9,12.8,85.79249999999998,0.0,85.79249999999998
30714,2019-06-07 00:00:00,20:00,2019-06-07 20:00:00,,3.0,16.0,14.6,26.91000000000001,0.0,26.91000000000001
30714,2019-06-07 00:00:00,08:00,2019-06-07 08:00:00,,0.0,13.9,11.7,26.91000000000001,0.0,26.91000000000001
30714,2019-05-07 00:00:00,20:00,2019-05-07 20:00:00,,0.0,25.5,12.4,154.6875,3.0,287.90250000000003
30714,2019-05-07 00:00:00,08:00,2019-05-07 08:00:00,,0.0,12.0,8.6,154.6875,3.0,287.90250000000003
30714,2019-04-07 00:00:00,20:00,2019-04-07 20:00:00,,0.0,22.4,7.4,161.27999999999997,12.0,-143.72000000000003
30714,2019-04-07 00:00:00,08:00,2019-04-07 08:00:00,,1.0,16.0,14.2,161.27999999999997,12.0,-143.72000000000003
30714,2019-03-07 00:00:00,20:00,2019-03-07 20:00:00,,0.0,20.3,15.1,76.5,1.0,96.1725
30714,2019-03-07 00:00:00,08:00,2019-03-07 08:00:00,,1.0,15.7,12.4,76.5,1.0,96.1725
30714,2019-02-07 00:00:00,20:00,2019-02-07 20:00:00,,0.0,23.7,17.4,82.8,32.0,-987.7691666666667
30714,2019-02-07 00:00:00,08:00,2019-02-07 08:00:00,,0.0,13.1,10.4,82.8,32.0,-987.7691666666667
30714,2019-01-07 00:00:00,20:00,2019-01-07 20:00:00,,0.0,23.8,9.3,146.54250000000002,1.0,195.79250000000002
30714,2019-01-07 00:00:00,08:00,2019-01-07 08:00:00,,0.0,11.3,9.1,146.54250000000002,1.0,195.79250000000002
30714,2019-06-30 00:00:00,20:00,2019-06-30 20:00:00,,0.0,18.4,15.2,46.16749999999998,0.0,46.16749999999998
30714,2019-06-30 00:00:00,08:00,2019-06-30 08:00:00,,13.0,12.9,10.2,46.16749999999998,0.0,46.16749999999998
30714,2019-06-29 00:00:00,20:00,2019-06-29 20:00:00,,3.0,16.4,14.3,83.79000000000005,0.0,83.79000000000005
30714,2019-06-29 00:00:00,08:00,2019-06-29 08:00:00,,0.0,17.8,10.1,83.79000000000005,0.0,83.79000000000005
30714,2019-06-28 00:00:00,20:00,2019-06-28 20:00:00,,0.8,18.5,14.4,47.89499999999997,1.0,63.20749999999997
30714,2019-06-28 00:00:00,08:00,2019-06-28 08:00:00,,0.0,12.4,10.3,47.89499999999997,1.0,63.20749999999997
30714,2019-06-27 00:00:00,20:00,2019-06-27 20:00:00,,5.0,13.6,12.1,15.3125,0.0,15.3125
30714,2019-06-27 00:00:00,08:00,2019-06-27 08:00:00,,7.0,10.9,9.9,15.3125,0.0,15.3125
30714,2019-06-26 00:00:00,20:00,2019-06-26 20:00:00,,0.5,14.1,10.7,27.14250000000002,1.0,40.842500000000015
30714,2019-06-26 00:00:00,08:00,2019-06-26 08:00:00,,0.0,9.0,7.7,27.14250000000002,1.0,40.842500000000015
30714,2019-06-25 00:00:00,20:00,2019-06-25 20:00:00,,6.0,13.3,12.2,13.7,0.0,13.7
30714,2019-06-25 00:00:00,08:00,2019-06-25 08:00:00,,13.0,14.1,13.2,13.7,0.0,13.7
30714,2019-06-24 00:00:00,20:00,2019-06-24 20:00:00,,0.0,18.9,14.0,57.95999999999995,1.0,91.39999999999999
30714,2019-06-24 00:00:00,08:00,2019-06-24 08:00:00,,0.0,14.7,12.7,57.95999999999995,1.0,91.39999999999999
30714,2019-06-23 00:00:00,20:00,2019-06-23 20:00:00,,0.0,20.5,17.2,33.44000000000004,0.0,33.44000000000004
30714,2019-06-23 00:00:00,08:00,2019-06-23 08:00:00,,9.0,14.7,14.2,33.44000000000004,0.0,33.44000000000004
30714,2019-06-22 00:00:00,20:00,2019-06-22 20:00:00,,2.0,17.9,15.0,27.879999999999985,0.0,27.879999999999985
30714,2019-06-22 00:00:00,08:00,2019-06-22 08:00:00,,3.0,14.9,14.4,27.879999999999985,0.0,27.879999999999985
30714,2019-06-21 00:00:00,20:00,2019-06-21 20:00:00,,7.0,15.1,14.4,15.540000000000012,0.0,15.540000000000012
30714,2019-06-21 00:00:00,08:00,2019-06-21 08:00:00,,0.0,14.5,13.1,15.540000000000012,0.0,15.540000000000012
30714,2019-06-20 00:00:00,20:00,2019-06-20 20:00:00,,0.0,22.2,12.8,100.96500000000002,2.0,206.8
30714,2019-06-20 00:00:00,08:00,2019-06-20 08:00:00,,0.0,15.9,14.7,100.96500000000002,2.0,206.8
30714,2019-06-19 00:00:00,20:00,2019-06-19 20:00:00,,0.0,22.0,16.4,68.42500000000004,1.0,105.83500000000001
30714,2019-06-19 00:00:00,08:00,2019-06-19 08:00:00,,0.0,10.2,7.3,68.42500000000004,1.0,105.83500000000001
30714,2019-06-18 00:00:00,20:00,2019-06-18 20:00:00,,2.0,16.2,11.2,37.409999999999975,0.0,37.409999999999975
30714,2019-06-18 00:00:00,08:00,2019-06-18 08:00:00,,6.0,9.6,8.8,37.409999999999975,0.0,37.409999999999975
30714,2019-06-17 00:00:00,20:00,2019-06-17 20:00:00,,0.8,19.0,10.7,92.685,2.0,125.79500000000002
30714,2019-06-17 00:00:00,08:00,2019-06-17 08:00:00,,0.0,14.4,11.6,92.685,2.0,125.79500000000002
30714,2019-06-16 00:00:00,20:00,2019-06-16 20:00:00,,0.4,15.6,14.0,18.8125,1.0,33.110000000000014
30714,2019-06-16 00:00:00,08:00,2019-06-16 08:00:00,,2.0,14.5,13.6,18.8125,1.0,33.110000000000014
30714,2019-06-15 00:00:00,20:00,2019-06-15 20:00:00,,6.0,15.6,14.6,14.297500000000017,0.0,14.297500000000017
30714,2019-06-15 00:00:00,08:00,2019-06-15 08:00:00,,0.1,14.5,13.6,14.297500000000017,0.0,14.297500000000017
30714,2019-06-14 00:00:00,20:00,2019-06-14 20:00:00,,0.0,19.3,12.1,107.1,5.0,364.7400000000001
30714,2019-06-14 00:00:00,08:00,2019-06-14 08:00:00,,0.0,16.7,12.0,107.1,5.0,364.7400000000001
30714,2019-06-13 00:00:00,20:00,2019-06-13 20:00:00,,0.0,26.1,1.5,274.77000000000004,4.0,257.6400000000001
30714,2019-06-13 00:00:00,08:00,2019-06-13 08:00:00,,0.0,12.6,8.8,274.77000000000004,4.0,257.6400000000001
30714,2019-12-06 00:00:00,20:00,2019-12-06 20:00:00,,0.0,21.7,9.2,115.08000000000003,27.0,-776.8008333333335
30714,2019-12-06 00:00:00,08:00,2019-12-06 08:00:00,,2.0,11.9,10.7,115.08000000000003,27.0,-776.8008333333335
30714,2019-11-06 00:00:00,20:00,2019-11-06 20:00:00,,2.0,13.7,11.8,17.22500000000001,0.0,17.22500000000001
30714,2019-11-06 00:00:00,08:00,2019-11-06 08:00:00,,9.0,12.8,12.1,17.22500000000001,0.0,17.22500000000001
30714,2019-10-06 00:00:00,20:00,2019-10-06 20:00:00,,10.0,17.1,15.7,45.57750000000002,0.0,45.57750000000002
30714,2019-10-06 00:00:00,08:00,2019-10-06 08:00:00,,0.0,13.8,9.3,45.57750000000002,0.0,45.57750000000002
30714,2019-09-06 00:00:00,20:00,2019-09-06 20:00:00,,0.0,26.1,9.9,202.39499999999992,1.0,204.93249999999992
30714,2019-09-06 00:00:00,08:00,2019-09-06 08:00:00,,0.0,13.2,8.8,202.39499999999992,1.0,204.93249999999992
30714,2019-08-06 00:00:00,20:00,2019-08-06 20:00:00,,0.0,21.4,9.5,135.24000000000004,8.0,176.97750000000013
30714,2019-08-06 00:00:00,08:00,2019-08-06 08:00:00,,0.0,10.8,5.9,135.24000000000004,8.0,176.97750000000013
30714,2019-07-06 00:00:00,20:00,2019-07-06 20:00:00,,0.0,22.8,2.7,189.40750000000003,6.0,60.69500000000022
30714,2019-07-06 00:00:00,08:00,2019-07-06 08:00:00,,0.0,8.9,5.1,189.40750000000003,6.0,60.69500000000022
30714,2019-06-06 00:00:00,20:00,2019-06-06 20:00:00,,0.3,14.7,8.4,55.35,9.0,444.0483333333333
30714,2019-06-06 00:00:00,08:00,2019-06-06 08:00:00,,0.8,9.9,7.2,55.35,9.0,444.0483333333333
30714,2019-05-06 00:00:00,20:00,2019-05-06 20:00:00,,0.0,13.5,6.9,47.775,2.0,133.215
30714,2019-05-06 00:00:00,08:00,2019-05-06 08:00:00,,0.0,4.7,0.8,47.775,2.0,133.215
30714,2019-04-06 00:00:00,20:00,2019-04-06 20:00:00,,0.5,14.6,4.0,74.55,11.0,-305.0
30714,2019-04-06 00:00:00,08:00,2019-04-06 08:00:00,,0.6,6.4,2.8,74.55,11.0,-305.0
30714,2019-03-06 00:00:00,20:00,2019-03-06 20:00:00,,6.0,8.5,3.4,19.672500000000003,0.0,19.672500000000003
30714,2019-03-06 00:00:00,08:00,2019-03-06 08:00:00,,16.0,4.4,3.4,19.672500000000003,0.0,19.672500000000003
30714,2019-02-06 00:00:00,20:00,2019-02-06 20:00:00,,0.0,14.8,5.6,55.77750000000001,31.0,-1070.5691666666667
30714,2019-02-06 00:00:00,08:00,2019-02-06 08:00:00,,0.0,5.3,3.4,55.77750000000001,31.0,-1070.5691666666667
30714,2019-01-06 00:00:00,20:00,2019-01-06 20:00:00,,2.0,14.2,5.6,49.25,0.0,49.25
30714,2019-01-06 00:00:00,08:00,2019-01-06 08:00:00,,10.0,5.5,4.1,49.25,0.0,49.25
30714,2019-05-31 00:00:00,20:00,2019-05-31 20:00:00,,0.0,21.2,6.7,191.8125,3.0,500.19500000000005
30714,2019-05-31 00:00:00,08:00,2019-05-31 08:00:00,,0.0,12.9,4.9,191.8125,3.0,500.19500000000005
30714,2019-05-30 00:00:00,20:00,2019-05-30 20:00:00,,0.0,21.8,2.9,209.52750000000006,2.0,308.38250000000005
30714,2019-05-30 00:00:00,08:00,2019-05-30 08:00:00,,0.0,8.9,0.5,209.52750000000006,2.0,308.38250000000005
30714,2019-05-29 00:00:00,20:00,2019-05-29 20:00:00,,1.0,13.9,5.2,61.59499999999999,1.0,98.85499999999999
30714,2019-05-29 00:00:00,08:00,2019-05-29 08:00:00,,0.0,5.5,1.5,61.59499999999999,1.0,98.85499999999999
30714,2019-05-28 00:00:00,20:00,2019-05-28 20:00:00,,0.0,9.1,-2.6,37.25999999999999,0.0,37.25999999999999
30714,2019-05-28 00:00:00,08:00,2019-05-28 08:00:00,,5.0,1.7,-0.4,37.25999999999999,0.0,37.25999999999999
30714,2019-05-27 00:00:00,20:00,2019-05-27 20:00:00,,0.0,13.9,1.4,117.58499999999998,13.0,1461.7150000000001
30714,2019-05-27 00:00:00,08:00,2019-05-27 08:00:00,,0.0,9.5,1.9,117.58499999999998,13.0,1461.7150000000001
30714,2019-05-26 00:00:00,20:00,2019-05-26 20:00:00,,0.0,21.2,-8.8,232.2,12.0,1344.13
30714,2019-05-26 00:00:00,08:00,2019-05-26 08:00:00,,0.0,4.6,-1.4,232.2,12.0,1344.13
30714,2019-05-25 00:00:00,20:00,2019-05-25 20:00:00,,0.5,10.0,-0.6,50.660000000000004,11.0,1111.93
30714,2019-05-25 00:00:00,08:00,2019-05-25 08:00:00,,0.3,4.9,1.9,50.660000000000004,11.0,1111.93
30714,2019-05-24 00:00:00,20:00,2019-05-24 20:00:00,,1.0,6.8,3.8,24.692499999999995,10.0,1061.27
30714,2019-05-24 00:00:00,08:00,2019-05-24 08:00:00,,0.0,5.1,-0.2,24.692499999999995,10.0,1061.27
30714,2019-05-23 00:00:00,20:00,2019-05-23 20:00:00,,0.3,8.8,2.1,44.25000000000002,9.0,1036.5775
30714,2019-05-23 00:00:00,08:00,2019-05-23 08:00:00,,0.0,8.9,5.6,44.25000000000002,9.0,1036.5775
30714,2019-05-22 00:00:00,20:00,2019-05-22 20:00:00,,0.0,18.4,6.3,138.17999999999998,8.0,992.3275
30714,2019-05-22 00:00:00,08:00,2019-05-22 08:00:00,,0.0,11.0,4.3,138.17999999999998,8.0,992.3275
30714,2019-05-21 00:00:00,20:00,2019-05-21 20:00:00,,0.0,26.0,-0.8,393.025,7.0,854.1475
30714,2019-05-21 00:00:00,08:00,2019-05-21 08:00:00,,0.0,13.5,0.5,393.025,7.0,854.1475
30714,2019-05-20 00:00:00,20:00,2019-05-20 20:00:00,,0.0,21.6,-0.3,212.32500000000002,6.0,461.12250000000006
30714,2019-05-20 00:00:00,08:00,2019-05-20 08:00:00,,0.0,6.9,-1.0,212.32500000000002,6.0,461.12250000000006
30714,2019-05-19 00:00:00,20:00,2019-05-19 20:00:00,,0.0,16.1,-6.9,121.5,5.0,248.7975
30714,2019-05-19 00:00:00,08:00,2019-05-19 08:00:00,,0.0,1.9,-2.1,121.5,5.0,248.7975
30714,2019-05-18 00:00:00,20:00,2019-05-18 20:00:00,,0.0,8.8,-5.6,56.44500000000001,4.0,127.29750000000001
30714,2019-05-18 00:00:00,08:00,2019-05-18 08:00:00,,0.0,1.8,-5.1,56.44500000000001,4.0,127.29750000000001
30714,2019-05-17 00:00:00,20:00,2019-05-17 20:00:00,,0.5,7.2,-7.1,42.54750000000001,3.0,70.8525
30714,2019-05-17 00:00:00,08:00,2019-05-17 08:00:00,,0.0,2.1,-1.9,42.54750000000001,3.0,70.8525
30714,2019-05-16 00:00:00,20:00,2019-05-16 20:00:00,,0.0,4.1,-4.2,12.125,2.0,28.305
30714,2019-05-16 00:00:00,08:00,2019-05-16 08:00:00,,2.0,0.9,-0.5,12.125,2.0,28.305
30714,2019-05-15 00:00:00,20:00,2019-05-15 20:00:00,,0.0,4.6,-0.8,10.679999999999998,1.0,16.18
30714,2019-05-15 00:00:00,08:00,2019-05-15 08:00:00,,0.0,0.2,-3.3,10.679999999999998,1.0,16.18
30714,2019-05-14 00:00:00,20:00,2019-05-14 20:00:00,,4.0,3.6,0.0,5.5,0.0,5.5
30714,2019-05-14 00:00:00,08:00,2019-05-14 08:00:00,2.0,3.0,0.8,-0.6,5.5,0.0,5.5
30714,2019-05-13 00:00:00,20:00,2019-05-13 20:00:00,,0.4,5.7,-2.6,16.960000000000004,4.0,-6.414999999999978
30714,2019-05-13 00:00:00,08:00,2019-05-13 08:00:00,Менее 0.5,0.9,0.7,-1.6,16.960000000000004,4.0,-6.414999999999978
30714,2019-12-05 00:00:00,20:00,2019-12-05 20:00:00,,0.0,17.1,-5.5,145.05750000000003,26.0,-891.8808333333335
30714,2019-12-05 00:00:00,08:00,2019-12-05 08:00:00,,0.0,1.8,-6.3,145.05750000000003,26.0,-891.8808333333335
30714,2019-11-05 00:00:00,20:00,2019-11-05 20:00:00,,0.0,7.8,-7.0,30.842499999999998,1.0,34.2525
30714,2019-11-05 00:00:00,08:00,2019-11-05 08:00:00,1.0,0.4,-0.5,-2.6,30.842499999999998,1.0,34.2525
30714,2019-10-05 00:00:00,20:00,2019-10-05 20:00:00,,0.0,1.3,-3.5,-0.8625,6.0,-157.66666666666669
30714,2019-10-05 00:00:00,08:00,2019-10-05 08:00:00,1.0,1.0,-1.8,-3.9,-0.8625,6.0,-157.66666666666669
30714,2019-09-05 00:00:00,20:00,2019-09-05 20:00:00,,7.0,0.4,-1.0,2.5375,0.0,2.5375
30714,2019-09-05 00:00:00,08:00,2019-09-05 08:00:00,,2.0,3.1,1.6,2.5375,0.0,2.5375
30714,2019-08-05 00:00:00,20:00,2019-08-05 20:00:00,,0.0,19.8,-4.9,180.33750000000003,7.0,41.7375000000001
30714,2019-08-05 00:00:00,08:00,2019-08-05 08:00:00,,0.0,3.1,-3.7,180.33750000000003,7.0,41.7375000000001
30714,2019-07-05 00:00:00,20:00,2019-07-05 20:00:00,,0.0,15.4,-5.0,108.42750000000002,5.0,-128.7124999999998
30714,2019-07-05 00:00:00,08:00,2019-07-05 08:00:00,,0.0,2.9,-0.4,108.42750000000002,5.0,-128.7124999999998
30714,2019-06-05 00:00:00,20:00,2019-06-05 20:00:00,,0.0,19.4,-3.4,162.40999999999997,8.0,388.69833333333327
30714,2019-06-05 00:00:00,08:00,2019-06-05 08:00:00,,0.0,2.4,-4.6,162.40999999999997,8.0,388.69833333333327
30714,2019-05-05 00:00:00,20:00,2019-05-05 20:00:00,,0.0,15.7,-5.3,96.6,1.0,85.44
30714,2019-05-05 00:00:00,08:00,2019-05-05 08:00:00,,0.0,0.4,-2.6,96.6,1.0,85.44
30714,2019-04-05 00:00:00,20:00,2019-04-05 20:00:00,,0.0,10.4,-6.2,44.660000000000004,10.0,-379.55
30714,2019-04-05 00:00:00,08:00,2019-04-05 08:00:00,1.0,0.0,-1.6,-5.3,44.660000000000004,10.0,-379.55
30714,2019-03-05 00:00:00,20:00,2019-03-05 20:00:00,,4.0,0.8,-1.8,-0.4699999999999998,0.0,-0.4699999999999998
30714,2019-03-05 00:00:00,08:00,2019-03-05 08:00:00,,0.3,-1.2,-3.3,-0.4699999999999998,0.0,-0.4699999999999998
30714,2019-02-05 00:00:00,20:00,2019-02-05 20:00:00,,0.0,6.1,-8.2,39.6,30.0,-1126.3466666666666
30714,2019-02-05 00:00:00,08:00,2019-02-05 08:00:00,,0.0,2.9,-0.4,39.6,30.0,-1126.3466666666666
30714,2019-01-05 00:00:00,20:00,2019-01-05 20:00:00,,0.0,20.0,-1.7,155.25,25.0,-1467.2724999999998
30714,2019-01-05 00:00:00,08:00,2019-01-05 08:00:00,,0.0,2.5,-3.4,155.25,25.0,-1467.2724999999998
30714,2019-04-30 00:00:00,20:00,2019-04-30 20:00:00,,0.0,18.2,-2.6,116.09000000000002,8.0,400.62750000000005
30714,2019-04-30 00:00:00,08:00,2019-04-30 08:00:00,,0.0,0.6,-3.3,116.09000000000002,8.0,400.62750000000005
30714,2019-04-29 00:00:00,20:00,2019-04-29 20:00:00,,0.0,14.2,-6.3,78.05499999999998,7.0,284.5375
30714,2019-04-29 00:00:00,08:00,2019-04-29 08:00:00,,0.0,-0.8,-3.6,78.05499999999998,7.0,284.5375
30714,2019-04-28 00:00:00,20:00,2019-04-28 20:00:00,,1.0,2.2,0.6,3.1500000000000004,6.0,206.48250000000004
30714,2019-04-28 00:00:00,08:00,2019-04-28 08:00:00,,0.0,0.6,-2.3,3.1500000000000004,6.0,206.48250000000004
30714,2019-04-27 00:00:00,20:00,2019-04-27 20:00:00,,0.0,16.5,-2.3,74.16000000000001,5.0,203.33250000000004
30714,2019-04-27 00:00:00,08:00,2019-04-27 08:00:00,,0.0,-2.1,-3.9,74.16000000000001,5.0,203.33250000000004
30714,2019-04-26 00:00:00,20:00,2019-04-26 20:00:00,,0.5,8.1,-4.5,38.129999999999995,4.0,129.1725
30714,2019-04-26 00:00:00,08:00,2019-04-26 08:00:00,,0.0,1.2,-2.6,38.129999999999995,4.0,129.1725
30714,2019-04-25 00:00:00,20:00,2019-04-25 20:00:00,,0.0,13.3,-2.4,64.51500000000001,3.0,91.04250000000002
30714,2019-04-25 00:00:00,08:00,2019-04-25 08:00:00,,0.0,0.5,-2.5,64.51500000000001,3.0,91.04250000000002
30714,2019-04-24 00:00:00,20:00,2019-04-24 20:00:00,,0.0,10.4,-5.6,30.7125,2.0,26.5275
30714,2019-04-24 00:00:00,08:00,2019-04-24 08:00:00,,0.0,-3.9,-6.8,30.7125,2.0,26.5275
30714,2019-04-23 00:00:00,20:00,2019-04-23 20:00:00,,0.0,4.0,-7.7,-2.159999999999999,1.0,-4.184999999999999
30714,2019-04-23 00:00:00,08:00,2019-04-23 08:00:00,3.0,0.7,-4.6,-7.3,-2.159999999999999,1.0,-4.184999999999999
30714,2019-04-22 00:00:00,20:00,2019-04-22 20:00:00,,2.0,-0.9,-3.4,-2.025,0.0,-2.025
30714,2019-04-22 00:00:00,08:00,2019-04-22 08:00:00,,3.0,-0.1,-5.7,-2.025,0.0,-2.025
30714,2019-04-21 00:00:00,20:00,2019-04-21 20:00:00,,0.0,7.6,1.7,12.0,5.0,42.07500000000002
30714,2019-04-21 00:00:00,08:00,2019-04-21 08:00:00,,0.0,-2.6,-6.3,12.0,5.0,42.07500000000002
30714,2019-04-20 00:00:00,20:00,2019-04-20 20:00:00,,0.0,4.8,-11.4,-16.064999999999998,4.0,30.075000000000017
30714,2019-04-20 00:00:00,08:00,2019-04-20 08:00:00,,0.0,-8.2,-10.9,-16.064999999999998,4.0,30.075000000000017
30714,2019-04-19 00:00:00,20:00,2019-04-19 20:00:00,,0.4,1.6,-18.8,-8.55,3.0,46.140000000000015
30714,2019-04-19 00:00:00,08:00,2019-04-19 08:00:00,4.0,1.0,-3.1,-5.5,-8.55,3.0,46.140000000000015
30714,2019-04-18 00:00:00,20:00,2019-04-18 20:00:00,,0.0,16.8,-7.3,65.53500000000001,2.0,54.69000000000001
30714,2019-04-18 00:00:00,08:00,2019-04-18 08:00:00,,0.0,-6.6,-8.2,65.53500000000001,2.0,54.69000000000001
30714,2019-04-17 00:00:00,20:00,2019-04-17 20:00:00,,0.0,3.7,-7.7,-2.6799999999999993,1.0,-10.844999999999999
30714,2019-04-17 00:00:00,08:00,2019-04-17 08:00:00,9.0,0.4,-4.5,-6.5,-2.6799999999999993,1.0,-10.844999999999999
30714,2019-04-16 00:00:00,20:00,2019-04-16 20:00:00,,2.0,-3.3,-5.7,-8.165,0.0,-8.165
30714,2019-04-16 00:00:00,08:00,2019-04-16 08:00:00,8.0,6.0,-3.8,-6.0,-8.165,0.0,-8.165
30714,2019-04-15 00:00:00,20:00,2019-04-15 20:00:00,,1.0,-1.5,-3.8,1.5199999999999996,2.0,43.3625
30714,2019-04-15 00:00:00,08:00,2019-04-15 08:00:00,,0.0,2.3,-3.0,1.5199999999999996,2.0,43.3625
30714,2019-04-14 00:00:00,20:00,2019-04-14 20:00:00,,0.0,11.3,-4.9,36.142500000000005,1.0,41.8425
30714,2019-04-14 00:00:00,08:00,2019-04-14 08:00:00,,0.0,-3.4,-5.5,36.142500000000005,1.0,41.8425
30714,2019-04-13 00:00:00,20:00,2019-04-13 20:00:00,,0.0,8.2,-2.2,5.699999999999998,0.0,5.699999999999998
30714,2019-04-13 00:00:00,08:00,2019-04-13 08:00:00,6.0,4.0,-6.3,-7.9,5.699999999999998,0.0,5.699999999999998
30714,2019-12-04 00:00:00,20:00,2019-12-04 20:00:00,,0.3,-0.7,-3.8,-13.0625,25.0,-1036.9383333333335
30714,2019-12-04 00:00:00,08:00,2019-12-04 08:00:00,5.0,0.0,-8.8,-11.2,-13.0625,25.0,-1036.9383333333335
30714,2019-11-04 00:00:00,20:00,2019-11-04 20:00:00,,4.0,-1.7,-4.8,3.4099999999999997,0.0,3.4099999999999997
30714,2019-11-04 00:00:00,08:00,2019-11-04 08:00:00,,0.0,2.8,-6.5,3.4099999999999997,0.0,3.4099999999999997
30714,2019-10-04 00:00:00,20:00,2019-10-04 20:00:00,,0.0,8.6,-5.1,5.5299999999999985,5.0,-156.80416666666667
30714,2019-10-04 00:00:00,08:00,2019-10-04 08:00:00,,0.0,-7.2,-9.3,5.5299999999999985,5.0,-156.80416666666667
30714,2019-09-04 00:00:00,20:00,2019-09-04 20:00:00,,0.0,3.7,-10.8,5.115000000000001,10.0,-29.224999999999916
30714,2019-09-04 00:00:00,08:00,2019-09-04 08:00:00,,0.0,-2.6,-6.7,5.115000000000001,10.0,-29.224999999999916
30714,2019-08-04 00:00:00,20:00,2019-08-04 20:00:00,,0.0,3.4,-9.7,17.647499999999997,6.0,-138.59999999999994
30714,2019-08-04 00:00:00,08:00,2019-08-04 08:00:00,,0.0,0.5,-4.5,17.647499999999997,6.0,-138.59999999999994
30714,2019-07-04 00:00:00,20:00,2019-07-04 20:00:00,,0.0,3.4,-10.8,-27.54,4.0,-237.13999999999982
30714,2019-07-04 00:00:00,08:00,2019-07-04 08:00:00,,0.0,-10.2,-12.2,-27.54,4.0,-237.13999999999982
30714,2019-06-04 00:00:00,20:00,2019-06-04 20:00:00,,0.0,-0.1,-13.6,-14.025,7.0,226.28833333333327
30714,2019-06-04 00:00:00,08:00,2019-06-04 08:00:00,,0.0,-3.2,-6.7,-14.025,7.0,226.28833333333327
30714,2019-05-04 00:00:00,20:00,2019-05-04 20:00:00,,0.0,-0.3,-11.0,-11.159999999999998,0.0,-11.159999999999998
30714,2019-05-04 00:00:00,08:00,2019-05-04 08:00:00,3.0,3.0,-2.8,-6.5,-11.159999999999998,0.0,-11.159999999999998
30714,2019-04-04 00:00:00,20:00,2019-04-04 20:00:00,,0.0,-0.1,-4.5,-4.784999999999999,9.0,-424.21000000000004
30714,2019-04-04 00:00:00,08:00,2019-04-04 08:00:00,,0.3,-3.2,-4.6,-4.784999999999999,9.0,-424.21000000000004
30714,2019-03-04 00:00:00,20:00,2019-03-04 20:00:00,,2.0,-0.7,-2.2,-3.7975,9.0,-572.4200000000001
30714,2019-03-04 00:00:00,08:00,2019-03-04 08:00:00,,0.0,-4.2,-5.8,-3.7975,9.0,-572.4200000000001
30714,2019-02-04 00:00:00,20:00,2019-02-04 20:00:00,,0.0,5.8,-8.8,10.625,29.0,-1165.9466666666665
30714,2019-02-04 00:00:00,08:00,2019-02-04 08:00:00,,0.0,-3.3,-5.7,10.625,29.0,-1165.9466666666665
30714,2019-01-04 00:00:00,20:00,2019-01-04 20:00:00,,0.0,5.9,-5.0,-5.61,24.0,-1622.5224999999998
30714,2019-01-04 00:00:00,08:00,2019-01-04 08:00:00,,0.0,-12.5,,-5.61,24.0,-1622.5224999999998
30714,2019-03-31 00:00:00,20:00,2019-03-31 20:00:00,,0.0,4.7,-10.5,-29.4975,5.0,-222.915
30714,2019-03-31 00:00:00,08:00,2019-03-31 08:00:00,,0.0,-11.6,-13.5,-29.4975,5.0,-222.915
30714,2019-03-30 00:00:00,20:00,2019-03-30 20:00:00,,0.0,1.5,-11.1,-26.55,4.0,-193.4175
30714,2019-03-30 00:00:00,08:00,2019-03-30 08:00:00,,0.0,-7.4,-12.8,-26.55,4.0,-193.4175
30714,2019-03-29 00:00:00,20:00,2019-03-29 20:00:00,,0.3,-2.1,-10.2,-16.0875,3.0,-166.86749999999998
30714,2019-03-29 00:00:00,08:00,2019-03-29 08:00:00,1.0,0.0,-3.4,-7.0,-16.0875,3.0,-166.86749999999998
30714,2019-03-28 00:00:00,20:00,2019-03-28 20:00:00,,0.0,-0.3,-13.8,-40.3,2.0,-150.77999999999997
30714,2019-03-28 00:00:00,08:00,2019-03-28 08:00:00,3.0,0.0,-10.1,-12.1,-40.3,2.0,-150.77999999999997
30714,2019-03-27 00:00:00,20:00,2019-03-27 20:00:00,,0.0,-0.7,-14.1,-81.19999999999999,1.0,-110.47999999999999
30714,2019-03-27 00:00:00,08:00,2019-03-27 08:00:00,9.0,0.0,-19.6,-22.2,-81.19999999999999,1.0,-110.47999999999999
30714,2019-03-26 00:00:00,20:00,2019-03-26 20:00:00,,0.2,-5.4,-15.3,-29.28,0.0,-29.28
30714,2019-03-26 00:00:00,08:00,2019-03-26 08:00:00,16.0,8.0,-4.2,-6.5,-29.28,0.0,-29.28
30714,2019-03-25 00:00:00,20:00,2019-03-25 20:00:00,,0.3,0.4,-1.0,-4.59,7.0,-250.81500000000003
30714,2019-03-25 00:00:00,08:00,2019-03-25 08:00:00,Менее 0.5,0.0,-7.2,-8.5,-4.59,7.0,-250.81500000000003
30714,2019-03-24 00:00:00,20:00,2019-03-24 20:00:00,,0.0,1.1,-4.9,-19.400000000000006,6.0,-246.22500000000002
30714,2019-03-24 00:00:00,08:00,2019-03-24 08:00:00,2.0,0.0,-10.8,-12.8,-19.400000000000006,6.0,-246.22500000000002
30714,2019-03-23 00:00:00,20:00,2019-03-23 20:00:00,,0.0,1.2,-11.2,-46.440000000000005,5.0,-226.82500000000002
30714,2019-03-23 00:00:00,08:00,2019-03-23 08:00:00,6.0,0.0,-14.1,-16.1,-46.440000000000005,5.0,-226.82500000000002
30714,2019-03-22 00:00:00,20:00,2019-03-22 20:00:00,,0.0,-1.1,-9.9,-24.8775,4.0,-180.38500000000002
30714,2019-03-22 00:00:00,08:00,2019-03-22 08:00:00,7.0,0.4,-8.2,-10.1,-24.8775,4.0,-180.38500000000002
30714,2019-03-21 00:00:00,20:00,2019-03-21 20:00:00,,0.2,-3.1,-9.0,-27.057500000000005,3.0,-155.50750000000002
30714,2019-03-21 00:00:00,08:00,2019-03-21 08:00:00,7.0,0.0,-10.6,-12.6,-27.057500000000005,3.0,-155.50750000000002
30714,2019-03-20 00:00:00,20:00,2019-03-20 20:00:00,,0.0,-3.2,-11.0,-65.78000000000002,2.0,-128.45000000000002
30714,2019-03-20 00:00:00,08:00,2019-03-20 08:00:00,8.0,0.0,-22.1,-24.7,-65.78000000000002,2.0,-128.45000000000002
30714,2019-03-19 00:00:00,20:00,2019-03-19 20:00:00,,0.2,-8.3,-14.7,-43.71000000000001,1.0,-62.67000000000001
30714,2019-03-19 00:00:00,08:00,2019-03-19 08:00:00,10.0,0.0,-1.1,-13.3,-43.71000000000001,1.0,-62.67000000000001
30714,2019-03-18 00:00:00,20:00,2019-03-18 20:00:00,,0.4,-5.3,-12.3,-18.96,0.0,-18.96
30714,2019-03-18 00:00:00,08:00,2019-03-18 08:00:00,10.0,4.0,-2.6,-5.2,-18.96,0.0,-18.96
30714,2019-03-17 00:00:00,20:00,2019-03-17 20:00:00,,0.0,2.1,-6.7,-20.075000000000003,11.0,57.219999999999985
30714,2019-03-17 00:00:00,08:00,2019-03-17 08:00:00,5.0,0.0,-9.4,-11.6,-20.075000000000003,11.0,57.219999999999985
30714,2019-03-16 00:00:00,20:00,2019-03-16 20:00:00,,0.0,2.8,-9.8,-24.99,10.0,77.29499999999999
30714,2019-03-16 00:00:00,08:00,2019-03-16 08:00:00,7.0,0.0,-9.6,-11.7,-24.99,10.0,77.29499999999999
30714,2019-03-15 00:00:00,20:00,2019-03-15 20:00:00,,0.0,0.4,-4.3,-2.9325,9.0,102.28499999999998
30714,2019-03-15 00:00:00,08:00,2019-03-15 08:00:00,8.0,0.0,-2.1,-4.3,-2.9325,9.0,102.28499999999998
30714,2019-03-14 00:00:00,20:00,2019-03-14 20:00:00,,0.0,3.4,-6.4,-4.312500000000001,8.0,105.21749999999999
30714,2019-03-14 00:00:00,08:00,2019-03-14 08:00:00,9.0,0.3,-4.9,-6.6,-4.312500000000001,8.0,105.21749999999999
30714,2019-03-13 00:00:00,20:00,2019-03-13 20:00:00,,0.2,-0.3,-2.4,-15.477499999999994,7.0,109.52999999999999
30714,2019-03-13 00:00:00,08:00,2019-03-13 08:00:00,9.0,0.0,-14.8,-16.8,-15.477499999999994,7.0,109.52999999999999
30714,2019-12-03 00:00:00,20:00,2019-12-03 20:00:00,,0.0,1.3,-14.0,-78.69,24.0,-1023.8758333333335
30714,2019-12-03 00:00:00,08:00,2019-12-03 08:00:00,10.0,0.0,-19.6,-21.5,-78.69,24.0,-1023.8758333333335
30714,2019-11-03 00:00:00,20:00,2019-11-03 20:00:00,,0.0,-4.9,-12.2,-49.90999999999998,12.0,-433.8566666666667
30714,2019-11-03 00:00:00,08:00,2019-11-03 08:00:00,10.0,0.0,-16.8,-18.7,-49.90999999999998,12.0,-433.8566666666667
30714,2019-10-03 00:00:00,20:00,2019-10-03 20:00:00,,0.4,-8.6,-11.0,-23.797499999999996,4.0,-162.33416666666668
30714,2019-10-03 00:00:00,08:00,2019-10-03 08:00:00,10.0,0.5,-8.1,-11.4,-23.797499999999996,4.0,-162.33416666666668
30714,2019-09-03 00:00:00,20:00,2019-09-03 20:00:00,,0.0,-1.1,-13.7,-84.56,9.0,-34.33999999999992
30714,2019-09-03 00:00:00,08:00,2019-09-03 08:00:00,10.0,0.0,-21.3,-23.8,-84.56,9.0,-34.33999999999992
30714,2019-08-03 00:00:00,20:00,2019-08-03 20:00:00,,0.0,-5.4,-13.0,-44.63999999999999,5.0,-156.24749999999995
30714,2019-08-03 00:00:00,08:00,2019-08-03 08:00:00,11.0,0.3,-13.2,-15.2,-44.63999999999999,5.0,-156.24749999999995
30714,2019-07-03 00:00:00,20:00,2019-07-03 20:00:00,,0.0,-2.7,-8.0,-18.46,3.0,-209.59999999999982
30714,2019-07-03 00:00:00,08:00,2019-07-03 08:00:00,11.0,0.0,-7.7,-9.5,-18.46,3.0,-209.59999999999982
30714,2019-06-03 00:00:00,20:00,2019-06-03 20:00:00,,0.0,1.5,-9.0,-33.12500000000001,6.0,240.31333333333328
30714,2019-06-03 00:00:00,08:00,2019-06-03 08:00:00,12.0,0.0,-12.1,-14.1,-33.12500000000001,6.0,240.31333333333328
30714,2019-05-03 00:00:00,20:00,2019-05-03 20:00:00,,0.0,1.5,-9.0,-46.85999999999999,11.0,127.71999999999997
30714,2019-05-03 00:00:00,08:00,2019-05-03 08:00:00,13.0,0.0,-15.7,-18.4,-46.85999999999999,11.0,127.71999999999997
30714,2019-04-03 00:00:00,20:00,2019-04-03 20:00:00,,0.0,-2.9,-9.6,-31.754999999999992,8.0,-419.425
30714,2019-04-03 00:00:00,08:00,2019-04-03 08:00:00,14.0,0.2,-11.7,-13.7,-31.754999999999992,8.0,-419.425
30714,2019-03-03 00:00:00,20:00,2019-03-03 20:00:00,,0.0,-0.1,-4.5,-18.56,8.0,-568.6225000000001
30714,2019-03-03 00:00:00,08:00,2019-03-03 08:00:00,15.0,0.0,-11.5,-13.5,-18.56,8.0,-568.6225000000001
30714,2019-02-03 00:00:00,20:00,2019-02-03 20:00:00,,0.0,-1.9,-6.9,-5.525,28.0,-1176.5716666666665
30714,2019-02-03 00:00:00,08:00,2019-02-03 08:00:00,18.0,0.0,-0.7,-4.2,-5.525,28.0,-1176.5716666666665
30714,2019-01-03 00:00:00,20:00,2019-01-03 20:00:00,,0.0,-2.7,-8.8,-44.80000000000002,23.0,-1616.9125
30714,2019-01-03 00:00:00,08:00,2019-01-03 08:00:00,19.0,0.0,-19.7,-21.6,-44.80000000000002,23.0,-1616.9125
30714,2019-02-28 00:00:00,20:00,2019-02-28 20:00:00,,0.0,-5.2,-13.7,-71.04000000000002,5.0,-285.71250000000003
30714,2019-02-28 00:00:00,08:00,2019-02-28 08:00:00,20.0,0.0,-20.4,-23.0,-71.04000000000002,5.0,-285.71250000000003
30714,2019-02-27 00:00:00,20:00,2019-02-27 20:00:00,,0.0,-6.3,-15.0,-77.27999999999997,4.0,-214.6725
30714,2019-02-27 00:00:00,08:00,2019-02-27 08:00:00,20.0,0.0,-21.3,-23.8,-77.27999999999997,4.0,-214.6725
30714,2019-02-26 00:00:00,20:00,2019-02-26 20:00:00,,0.0,-7.1,-12.9,17.68749999999997,3.0,-137.39250000000004
30714,2019-02-26 00:00:00,08:00,2019-02-26 08:00:00,21.0,0.0,-21.2,,17.68749999999997,3.0,-137.39250000000004
30714,2019-02-25 00:00:00,20:00,2019-02-25 20:00:00,,0.0,-5.5,-12.9,-70.785,2.0,-155.08
30714,2019-02-25 00:00:00,08:00,2019-02-25 08:00:00,22.0,0.0,-23.1,-25.6,-70.785,2.0,-155.08
30714,2019-02-24 00:00:00,20:00,2019-02-24 20:00:00,,0.0,-8.1,-13.8,-60.04000000000001,1.0,-84.29500000000002
30714,2019-02-24 00:00:00,08:00,2019-02-24 08:00:00,24.0,0.0,-23.5,-25.4,-60.04000000000001,1.0,-84.29500000000002
30714,2019-02-23 00:00:00,20:00,2019-02-23 20:00:00,,0.0,-11.9,-14.6,-24.254999999999995,0.0,-24.254999999999995
30714,2019-02-23 00:00:00,08:00,2019-02-23 08:00:00,27.0,4.0,-7.9,-10.1,-24.254999999999995,0.0,-24.254999999999995
30714,2019-02-22 00:00:00,20:00,2019-02-22 20:00:00,,0.7,-2.8,-5.5,-24.034999999999993,13.0,-735.2675
30714,2019-02-22 00:00:00,08:00,2019-02-22 08:00:00,16.0,0.0,-18.1,-20.0,-24.034999999999993,13.0,-735.2675
30714,2019-02-21 00:00:00,20:00,2019-02-21 20:00:00,,0.0,-5.7,-10.4,-48.239999999999995,12.0,-711.2325000000001
30714,2019-02-21 00:00:00,08:00,2019-02-21 08:00:00,17.0,0.0,-21.1,-23.6,-48.239999999999995,12.0,-711.2325000000001
30714,2019-02-20 00:00:00,20:00,2019-02-20 20:00:00,,0.0,-6.4,-13.4,-54.51249999999999,11.0,-662.9925000000001
30714,2019-02-20 00:00:00,08:00,2019-02-20 08:00:00,18.0,0.0,-18.1,-20.0,-54.51249999999999,11.0,-662.9925000000001
30714,2019-02-19 00:00:00,20:00,2019-02-19 20:00:00,,0.0,-6.1,-12.5,-75.12,10.0,-608.48
30714,2019-02-19 00:00:00,08:00,2019-02-19 08:00:00,18.0,0.0,-25.2,-28.4,-75.12,10.0,-608.48
30714,2019-02-18 00:00:00,20:00,2019-02-18 20:00:00,,0.0,-10.3,-13.9,-56.577500000000015,9.0,-533.36
30714,2019-02-18 00:00:00,08:00,2019-02-18 08:00:00,18.0,0.0,-26.8,-29.3,-56.577500000000015,9.0,-533.36
30714,2019-02-17 00:00:00,20:00,2019-02-17 20:00:00,,0.0,-12.2,-15.7,-64.51500000000007,8.0,-476.7825
30714,2019-02-17 00:00:00,08:00,2019-02-17 08:00:00,19.0,0.0,-26.9,-30.0,-64.51500000000007,8.0,-476.7825
30714,2019-02-16 00:00:00,20:00,2019-02-16 20:00:00,,0.0,-13.9,-17.4,-65.34249999999999,7.0,-412.2674999999999
30714,2019-02-16 00:00:00,08:00,2019-02-16 08:00:00,19.0,0.0,-30.4,-32.8,-65.34249999999999,7.0,-412.2674999999999
30714,2019-02-15 00:00:00,20:00,2019-02-15 20:00:00,,0.0,-15.3,-20.7,-110.20499999999998,6.0,-346.92499999999995
30714,2019-02-15 00:00:00,08:00,2019-02-15 08:00:00,19.0,0.0,-32.1,-36.0,-110.20499999999998,6.0,-346.92499999999995
30714,2019-02-14 00:00:00,20:00,2019-02-14 20:00:00,,0.0,-17.3,-24.2,-127.0,5.0,-236.71999999999997
30714,2019-02-14 00:00:00,08:00,2019-02-14 08:00:00,19.0,0.0,-33.5,-36.6,-127.0,5.0,-236.71999999999997
30714,2019-02-13 00:00:00,20:00,2019-02-13 20:00:00,,0.0,-22.8,-28.5,-136.95499999999993,4.0,-109.71999999999997
30714,2019-02-13 00:00:00,08:00,2019-02-13 08:00:00,20.0,0.0,-37.4,-40.8,-136.95499999999993,4.0,-109.71999999999997
30714,2019-12-02 00:00:00,20:00,2019-12-02 20:00:00,,0.0,-23.2,-28.8,-142.83000000000004,23.0,-945.1858333333334
30714,2019-12-02 00:00:00,08:00,2019-12-02 08:00:00,20.0,0.0,-38.9,-42.5,-142.83000000000004,23.0,-945.1858333333334
30714,2019-11-02 00:00:00,20:00,2019-11-02 20:00:00,,0.0,-25.6,-30.3,-135.30000000000004,11.0,-383.9466666666667
30714,2019-11-02 00:00:00,08:00,2019-11-02 08:00:00,20.0,0.0,-40.4,-43.9,-135.30000000000004,11.0,-383.9466666666667
30714,2019-10-02 00:00:00,20:00,2019-10-02 20:00:00,,0.0,-27.8,-31.7,-122.65500000000009,3.0,-138.5366666666667
30714,2019-10-02 00:00:00,08:00,2019-10-02 08:00:00,20.0,0.0,-38.5,-42.0,-122.65500000000009,3.0,-138.5366666666667
30714,2019-09-02 00:00:00,20:00,2019-09-02 20:00:00,,0.0,-27.3,-32.0,-138.0,8.0,50.220000000000084
30714,2019-09-02 00:00:00,08:00,2019-09-02 08:00:00,21.0,0.0,-41.7,-45.0,-138.0,8.0,50.220000000000084
30714,2019-08-02 00:00:00,20:00,2019-08-02 20:00:00,,0.0,-29.6,-33.3,-127.44499999999992,4.0,-111.60749999999996
30714,2019-08-02 00:00:00,08:00,2019-08-02 08:00:00,21.0,0.0,-42.2,-45.6,-127.44499999999992,4.0,-111.60749999999996
30714,2019-07-02 00:00:00,20:00,2019-07-02 20:00:00,,0.0,-30.2,-34.7,-143.90999999999994,2.0,-191.13999999999982
30714,2019-07-02 00:00:00,08:00,2019-07-02 08:00:00,21.0,0.0,-43.6,-46.9,-143.90999999999994,2.0,-191.13999999999982
30714,2019-06-02 00:00:00,20:00,2019-06-02 20:00:00,,0.0,-30.5,-34.4,-138.0100000000001,5.0,273.4383333333333
30714,2019-06-02 00:00:00,08:00,2019-06-02 08:00:00,21.0,0.0,-44.1,-47.6,-138.0100000000001,5.0,273.4383333333333
30714,2019-05-02 00:00:00,20:00,2019-05-02 20:00:00,,0.0,-34.8,-38.4,-131.04000000000005,10.0,174.57999999999996
30714,2019-05-02 00:00:00,08:00,2019-05-02 08:00:00,21.0,0.3,-38.0,-41.6,-131.04000000000005,10.0,174.57999999999996
30714,2019-04-02 00:00:00,20:00,2019-04-02 20:00:00,,0.3,-26.4,-29.6,-84.00000000000007,7.0,-387.67
30714,2019-04-02 00:00:00,08:00,2019-04-02 08:00:00,21.0,0.8,-26.1,-29.3,-84.00000000000007,7.0,-387.67
30714,2019-03-02 00:00:00,20:00,2019-03-02 20:00:00,,0.0,-21.6,-28.2,-159.32750000000001,7.0,-550.0625000000001
30714,2019-03-02 00:00:00,08:00,2019-03-02 08:00:00,19.0,0.0,-41.5,-45.0,-159.32750000000001,7.0,-550.0625000000001
30714,2019-02-02 00:00:00,20:00,2019-02-02 20:00:00,,0.0,-30.9,-34.6,-119.69500000000006,27.0,-1171.0466666666664
30714,2019-02-02 00:00:00,08:00,2019-02-02 08:00:00,19.0,0.0,-33.8,-37.5,-119.69500000000006,27.0,-1171.0466666666664
30714,2019-01-02 00:00:00,20:00,2019-01-02 20:00:00,,0.0,-24.2,-28.1,-74.0950000000001,22.0,-1572.1125
30714,2019-01-02 00:00:00,08:00,2019-01-02 08:00:00,20.0,0.4,-16.4,-19.8,-74.0950000000001,22.0,-1572.1125
30714,2019-01-31 00:00:00,20:00,2019-01-31 20:00:00,,0.0,-13.3,-16.8,-53.832500000000074,25.0,-931.0066666666661
30714,2019-01-31 00:00:00,08:00,2019-01-31 08:00:00,,0.0,-22.0,-24.6,-53.832500000000074,25.0,-931.0066666666661
30714,2019-01-30 00:00:00,20:00,2019-01-30 20:00:00,,0.0,-14.5,-18.8,-69.825,24.0,-877.174166666666
30714,2019-01-30 00:00:00,08:00,2019-01-30 08:00:00,20.0,0.0,-12.1,-18.3,-69.825,24.0,-877.174166666666
30714,2019-01-29 00:00:00,20:00,2019-01-29 20:00:00,,0.0,-18.6,-21.9,-52.77999999999996,23.0,-807.349166666666
30714,2019-01-29 00:00:00,08:00,2019-01-29 08:00:00,20.0,0.9,-22.0,-23.9,-52.77999999999996,23.0,-807.349166666666
30714,2019-01-28 00:00:00,20:00,2019-01-28 20:00:00,,0.7,-16.5,-18.4,-34.769999999999975,22.0,-754.569166666666
30714,2019-01-28 00:00:00,08:00,2019-01-28 08:00:00,17.0,0.0,-20.1,-22.0,-34.769999999999975,22.0,-754.569166666666
30714,2019-01-27 00:00:00,20:00,2019-01-27 20:00:00,,0.0,-15.1,-19.3,-73.75499999999994,21.0,-719.799166666666
30714,2019-01-27 00:00:00,08:00,2019-01-27 08:00:00,18.0,0.0,-29.6,-32.0,-73.75499999999994,21.0,-719.799166666666
30714,2019-01-26 00:00:00,20:00,2019-01-26 20:00:00,,0.0,-12.9,-16.4,-50.782500000000006,20.0,-646.0441666666661
30714,2019-01-26 00:00:00,08:00,2019-01-26 08:00:00,18.0,0.0,-20.4,-23.0,-50.782500000000006,20.0,-646.0441666666661
30714,2019-01-25 00:00:00,20:00,2019-01-25 20:00:00,,0.0,-14.6,-18.9,-69.35999999999997,19.0,-595.2616666666661
30714,2019-01-25 00:00:00,08:00,2019-01-25 08:00:00,18.0,0.0,-26.2,-28.7,-69.35999999999997,19.0,-595.2616666666661
30714,2019-01-24 00:00:00,20:00,2019-01-24 20:00:00,,0.0,-18.1,-20.0,-50.417499999999976,18.0,-525.9016666666661
30714,2019-01-24 00:00:00,08:00,2019-01-24 08:00:00,18.0,0.0,-28.8,-31.2,-50.417499999999976,18.0,-525.9016666666661
30714,2019-01-23 00:00:00,20:00,2019-01-23 20:00:00,,1.0,-16.6,-19.2,-35.53499999999999,17.0,-475.4841666666661
30714,2019-01-23 00:00:00,08:00,2019-01-23 08:00:00,16.0,0.0,-14.3,-16.3,-35.53499999999999,17.0,-475.4841666666661
30714,2019-01-22 00:00:00,20:00,2019-01-22 20:00:00,,0.0,-12.1,-14.1,-40.479999999999954,16.0,-439.94916666666614
30714,2019-01-22 00:00:00,08:00,2019-01-22 08:00:00,16.0,0.0,-23.1,-25.7,-40.479999999999954,16.0,-439.94916666666614
30714,2019-01-21 00:00:00,20:00,2019-01-21 20:00:00,,0.0,-13.8,-16.5,-39.9375,15.0,-399.4691666666662
30714,2019-01-21 00:00:00,08:00,2019-01-21 08:00:00,17.0,0.0,-21.7,-23.5,-39.9375,15.0,-399.4691666666662
30714,2019-01-20 00:00:00,20:00,2019-01-20 20:00:00,,0.0,-17.1,-19.0,-45.9,14.0,-359.5316666666662
30714,2019-01-20 00:00:00,08:00,2019-01-20 08:00:00,17.0,0.0,-23.7,-26.3,-45.9,14.0,-359.5316666666662
30714,2019-01-19 00:00:00,20:00,2019-01-19 20:00:00,,0.0,-17.3,-19.9,-55.717499999999944,13.0,-313.6316666666662
30714,2019-01-19 00:00:00,08:00,2019-01-19 08:00:00,17.0,0.0,-26.4,-28.9,-55.717499999999944,13.0,-313.6316666666662
30714,2019-01-18 00:00:00,20:00,2019-01-18 20:00:00,,0.0,-16.5,-18.4,-48.68333333333335,12.0,-257.9141666666663
30714,2019-01-18 00:00:00,11:00,2019-01-18 11:00:00,17.0,0.0,-23.5,-26.0,-48.68333333333335,12.0,-257.9141666666663
30714,2019-01-18 00:00:00,08:00,2019-01-18 08:00:00,17.0,0.0,-23.5,-26.0,-48.68333333333335,12.0,-257.9141666666663
30714,2019-01-17 00:00:00,20:00,2019-01-17 20:00:00,,0.0,-9.5,-22.1,-123.44249999999997,11.0,-209.23083333333295
30714,2019-01-17 00:00:00,08:00,2019-01-17 08:00:00,17.0,0.0,-23.2,-25.7,-123.44249999999997,11.0,-209.23083333333295
30714,2019-01-16 00:00:00,20:00,2019-01-16 20:00:00,,0.0,-20.6,-22.5,-52.13999999999991,10.0,-85.788333333333
30714,2019-01-16 00:00:00,08:00,2019-01-16 08:00:00,17.0,0.0,-26.8,-29.3,-52.13999999999991,10.0,-85.788333333333
30714,2019-01-15 00:00:00,23:00,2019-01-15 23:00:00,,0.0,-19.0,-21.6,-60.95888888888894,9.0,-33.64833333333309
30714,2019-01-15 00:00:00,20:00,2019-01-15 20:00:00,,0.0,-19.0,-21.6,-60.95888888888894,9.0,-33.64833333333309
30714,2019-01-15 00:00:00,08:00,2019-01-15 08:00:00,18.0,0.0,-28.1,-31.2,-60.95888888888894,9.0,-33.64833333333309
30714,2019-01-14 00:00:00,20:00,2019-01-14 20:00:00,,0.0,-28.3,-31.3,-96.22444444444423,8.0,27.31055555555585
30714,2019-01-14 00:00:00,11:00,2019-01-14 11:00:00,18.0,0.2,-36.2,-39.0,-96.22444444444423,8.0,27.31055555555585
30714,2019-01-14 00:00:00,08:00,2019-01-14 08:00:00,18.0,0.2,-36.2,-39.0,-96.22444444444423,8.0,27.31055555555585
30714,2019-01-13 00:00:00,20:00,2019-01-13 20:00:00,,0.6,-24.1,-27.4,-66.49749999999996,7.0,123.5350000000001
30714,2019-01-13 00:00:00,08:00,2019-01-13 08:00:00,18.0,0.0,-15.6,-19.0,-66.49749999999996,7.0,123.5350000000001
30714,2019-12-01 00:00:00,23:00,2019-12-01 23:00:00,,0.0,-18.1,-21.4,-71.57333333333331,22.0,-802.3558333333334
30714,2019-12-01 00:00:00,20:00,2019-12-01 20:00:00,,0.0,-18.1,-21.4,-71.57333333333331,22.0,-802.3558333333334
30714,2019-12-01 00:00:00,08:00,2019-12-01 08:00:00,18.0,0.0,-30.9,-33.9,-71.57333333333331,22.0,-802.3558333333334
30714,2019-11-01 00:00:00,20:00,2019-11-01 20:00:00,,0.0,-11.2,-17.4,-72.42666666666669,10.0,-248.64666666666665
30714,2019-11-01 00:00:00,11:00,2019-11-01 11:00:00,18.0,0.0,-23.5,-26.0,-72.42666666666669,10.0,-248.64666666666665
30714,2019-11-01 00:00:00,08:00,2019-11-01 08:00:00,18.0,0.0,-23.5,-26.0,-72.42666666666669,10.0,-248.64666666666665
30714,2019-10-01 00:00:00,20:00,2019-10-01 20:00:00,,0.0,-18.1,-20.0,-53.89666666666661,2.0,-15.88166666666661
30714,2019-10-01 00:00:00,11:00,2019-10-01 11:00:00,19.0,0.0,-26.1,-28.6,-53.89666666666661,2.0,-15.88166666666661
30714,2019-10-01 00:00:00,08:00,2019-10-01 08:00:00,19.0,0.0,-26.1,-28.6,-53.89666666666661,2.0,-15.88166666666661
30714,2019-09-01 00:00:00,23:00,2019-09-01 23:00:00,,0.0,-19.5,-21.4,-50.81999999999991,7.0,188.22000000000008
30714,2019-09-01 00:00:00,20:00,2019-09-01 20:00:00,,0.0,-19.5,-21.4,-50.81999999999991,7.0,188.22000000000008
30714,2019-09-01 00:00:00,11:00,2019-09-01 11:00:00,19.0,0.0,-26.7,-29.2,-50.81999999999991,7.0,188.22000000000008
30714,2019-09-01 00:00:00,08:00,2019-09-01 08:00:00,19.0,0.0,-26.7,-29.2,-50.81999999999991,7.0,188.22000000000008
30714,2019-08-01 00:00:00,23:00,2019-08-01 23:00:00,,0.0,-17.2,-19.8,-66.26250000000003,3.0,15.837499999999963
30714,2019-08-01 00:00:00,20:00,2019-08-01 20:00:00,,0.0,-17.2,-19.8,-66.26250000000003,3.0,15.837499999999963
30714,2019-08-01 00:00:00,11:00,2019-08-01 11:00:00,19.0,0.0,-29.3,-32.4,-66.26250000000003,3.0,15.837499999999963
30714,2019-08-01 00:00:00,08:00,2019-08-01 08:00:00,19.0,0.0,-29.3,-32.4,-66.26250000000003,3.0,15.837499999999963
30714,2019-07-01 00:00:00,23:00,2019-07-01 23:00:00,,0.0,-26.1,-29.3,-93.39749999999987,1.0,-47.22999999999988
30714,2019-07-01 00:00:00,20:00,2019-07-01 20:00:00,,0.0,-26.1,-29.3,-93.39749999999987,1.0,-47.22999999999988
30714,2019-07-01 00:00:00,11:00,2019-07-01 11:00:00,20.0,0.2,-33.2,-36.3,-93.39749999999987,1.0,-47.22999999999988
30714,2019-07-01 00:00:00,08:00,2019-07-01 08:00:00,20.0,0.2,-33.2,-36.3,-93.39749999999987,1.0,-47.22999999999988
30714,2019-06-01 00:00:00,23:00,2019-06-01 23:00:00,,0.0,-24.1,-27.4,-88.74666666666666,4.0,411.4483333333334
30714,2019-06-01 00:00:00,20:00,2019-06-01 20:00:00,,0.0,-24.1,-27.4,-88.74666666666666,4.0,411.4483333333334
30714,2019-06-01 00:00:00,08:00,2019-06-01 08:00:00,20.0,0.0,-35.0,-38.0,-88.74666666666666,4.0,411.4483333333334
30714,2019-05-01 00:00:00,20:00,2019-05-01 20:00:00,,0.0,-27.6,-30.7,-95.00750000000002,9.0,305.62
30714,2019-05-01 00:00:00,08:00,2019-05-01 08:00:00,20.0,0.0,-34.7,-37.7,-95.00750000000002,9.0,305.62
30714,2019-04-01 00:00:00,20:00,2019-04-01 20:00:00,,0.0,-27.1,-30.2,-80.75499999999995,6.0,-303.66999999999996
30714,2019-04-01 00:00:00,08:00,2019-04-01 08:00:00,20.0,0.0,-25.0,-28.1,-80.75499999999995,6.0,-303.66999999999996
30714,2019-03-01 00:00:00,20:00,2019-03-01 20:00:00,,0.0,-25.8,-29.0,-105.02250000000005,6.0,-390.73500000000007
30714,2019-03-01 00:00:00,08:00,2019-03-01 08:00:00,20.0,0.0,-36.9,-40.4,-105.02250000000005,6.0,-390.73500000000007
30714,2019-02-01 00:00:00,20:00,2019-02-01 20:00:00,,0.0,-30.4,-34.1,-120.34500000000014,26.0,-1051.3516666666662
30714,2019-02-01 00:00:00,08:00,2019-02-01 08:00:00,20.0,0.0,-37.4,-40.8,-120.34500000000014,26.0,-1051.3516666666662
30714,2019-01-01 00:00:00,08:00,2019-01-01 08:00:00,21.0,0.0,-37.0,-40.4,-125.79999999999995,21.0,-1498.0175
30714,2018-12-31 00:00:00,20:00,2018-12-31 20:00:00,,0.0,-30.1,-33.9,-122.46999999999987,20.0,-1372.2175
30714,2018-12-31 00:00:00,08:00,2018-12-31 08:00:00,21.0,0.0,-36.1,-39.7,-122.46999999999987,20.0,-1372.2175
30714,2018-12-30 00:00:00,20:00,2018-12-30 20:00:00,,0.0,-27.0,-32.1,-131.79500000000013,19.0,-1249.7475000000002
30714,2018-12-30 00:00:00,08:00,2018-12-30 08:00:00,21.0,0.0,-34.3,-37.8,-131.79500000000013,19.0,-1249.7475000000002
30714,2018-12-29 00:00:00,20:00,2018-12-29 20:00:00,,0.0,-26.3,-29.4,-91.64999999999999,18.0,-1117.9525
30714,2018-12-29 00:00:00,08:00,2018-12-29 08:00:00,21.0,0.0,-34.8,-37.7,-91.64999999999999,18.0,-1117.9525
30714,2018-12-28 00:00:00,20:00,2018-12-28 20:00:00,,0.0,-24.3,-26.8,-58.62500000000001,17.0,-1026.3025
30714,2018-12-28 00:00:00,08:00,2018-12-28 08:00:00,21.0,0.0,-22.6,-25.1,-58.62500000000001,17.0,-1026.3025
30714,2018-12-27 00:00:00,20:00,2018-12-27 20:00:00,,0.0,-24.6,-27.2,-86.53500000000008,16.0,-967.6774999999999
30714,2018-12-27 00:00:00,08:00,2018-12-27 08:00:00,21.0,0.0,-39.5,-42.3,-86.53500000000008,16.0,-967.6774999999999
30714,2018-12-26 00:00:00,20:00,2018-12-26 20:00:00,,0.0,-33.8,-36.8,-105.90499999999984,15.0,-881.1424999999998
30714,2018-12-26 00:00:00,08:00,2018-12-26 08:00:00,21.0,0.3,-38.0,-40.9,-105.90499999999984,15.0,-881.1424999999998
30714,2018-12-25 00:00:00,20:00,2018-12-25 20:00:00,,0.7,-24.2,-26.7,-60.12499999999999,14.0,-775.2375
30714,2018-12-25 00:00:00,08:00,2018-12-25 08:00:00,20.0,0.7,-23.9,-26.4,-60.12499999999999,14.0,-775.2375
30714,2018-12-24 00:00:00,20:00,2018-12-24 20:00:00,,0.5,-23.4,-26.6,-69.0625,13.0,-715.1125
30714,2018-12-24 00:00:00,08:00,2018-12-24 08:00:00,19.0,1.0,-19.1,-22.4,-69.0625,13.0,-715.1125
30714,2018-12-23 00:00:00,20:00,2018-12-23 20:00:00,,0.0,-16.9,-19.5,-50.36250000000001,12.0,-646.05
30714,2018-12-23 00:00:00,08:00,2018-12-23 08:00:00,18.0,0.0,-22.6,-25.1,-50.36250000000001,12.0,-646.05
30714,2018-12-22 00:00:00,20:00,2018-12-22 20:00:00,,0.0,-22.5,-25.7,-86.49000000000004,11.0,-595.6875
30714,2018-12-22 00:00:00,08:00,2018-12-22 08:00:00,18.0,0.0,-33.3,-36.3,-86.49000000000004,11.0,-595.6875
30714,2018-12-21 00:00:00,20:00,2018-12-21 20:00:00,,0.6,-21.6,-22.7,-28.59749999999995,10.0,-509.1975
30714,2018-12-21 00:00:00,08:00,2018-12-21 08:00:00,17.0,0.6,-15.3,-17.3,-28.59749999999995,10.0,-509.1975
30714,2018-12-20 00:00:00,20:00,2018-12-20 20:00:00,,0.0,-17.9,-20.5,-57.5,9.0,-480.6
30714,2018-12-20 00:00:00,08:00,2018-12-20 08:00:00,16.0,0.0,-28.1,-30.5,-57.5,9.0,-480.6
30714,2018-12-19 00:00:00,20:00,2018-12-19 20:00:00,,0.0,-21.9,-25.2,-69.11250000000004,8.0,-423.1
30714,2018-12-19 00:00:00,08:00,2018-12-19 08:00:00,15.0,0.0,-26.6,-29.0,-69.11250000000004,8.0,-423.1
30714,2018-12-18 00:00:00,20:00,2018-12-18 20:00:00,,0.0,-16.7,-18.4,-37.94749999999997,7.0,-353.9875
30714,2018-12-18 00:00:00,08:00,2018-12-18 08:00:00,16.0,0.0,-18.6,-21.2,-37.94749999999997,7.0,-353.9875
30714,2018-12-17 00:00:00,20:00,2018-12-17 20:00:00,,0.3,-16.7,-18.6,-29.639999999999986,6.0,-316.04
30714,2018-12-17 00:00:00,08:00,2018-12-17 08:00:00,19.0,0.6,-13.7,-15.7,-29.639999999999986,6.0,-316.04
30714,2018-12-16 00:00:00,20:00,2018-12-16 20:00:00,,0.0,-12.5,-14.5,-26.1,5.0,-286.40000000000003
30714,2018-12-16 00:00:00,08:00,2018-12-16 08:00:00,16.0,0.0,-13.6,-15.6,-26.1,5.0,-286.40000000000003
30714,2018-12-15 00:00:00,20:00,2018-12-15 20:00:00,,0.0,-14.2,-16.2,-40.387499999999996,4.0,-260.3
30714,2018-12-15 00:00:00,08:00,2018-12-15 08:00:00,17.0,0.0,-21.7,-24.2,-40.387499999999996,4.0,-260.3
30714,2018-12-14 00:00:00,20:00,2018-12-14 20:00:00,,0.0,-22.0,-25.3,-79.1375,3.0,-219.91250000000002
30714,2018-12-14 00:00:00,08:00,2018-12-14 08:00:00,17.0,0.0,-26.7,-29.9,-79.1375,3.0,-219.91250000000002
30714,2018-12-13 00:00:00,20:00,2018-12-13 20:00:00,,0.0,-21.2,-24.5,-68.11500000000002,2.0,-140.775
30714,2018-12-13 00:00:00,08:00,2018-12-13 08:00:00,17.0,0.0,-26.6,-29.0,-68.11500000000002,2.0,-140.775
30714,2018-12-12 00:00:00,20:00,2018-12-12 20:00:00,,0.0,-18.1,-20.7,-35.53499999999999,1.0,-72.65999999999998
30714,2018-12-12 00:00:00,08:00,2018-12-12 08:00:00,17.0,0.5,-12.8,-14.8,-35.53499999999999,1.0,-72.65999999999998
30714,2018-11-12 00:00:00,20:00,2018-11-12 20:00:00,,0.0,-12.6,-14.6,-44.330000000000055,5.0,18.35499999999994
30714,2018-11-12 00:00:00,08:00,2018-11-12 08:00:00,17.0,0.0,-27.7,-30.1,-44.330000000000055,5.0,18.35499999999994
30714,2018-10-12 00:00:00,20:00,2018-10-12 20:00:00,,0.0,-25.7,-28.8,-90.73749999999991,4.0,-85.42999999999992
30714,2018-10-12 00:00:00,08:00,2018-10-12 08:00:00,18.0,0.0,-33.8,-36.8,-90.73749999999991,4.0,-85.42999999999992
30714,2018-09-12 00:00:00,20:00,2018-09-12 20:00:00,,0.2,-26.1,-29.3,-57.375000000000014,5.0,2.7424999999999997
30714,2018-09-12 00:00:00,08:00,2018-09-12 08:00:00,18.0,0.7,-18.9,-20.8,-57.375000000000014,5.0,2.7424999999999997
30714,2018-08-12 00:00:00,20:00,2018-08-12 20:00:00,,0.0,-18.0,-20.6,-74.20000000000002,5.0,-96.735
30714,2018-08-12 00:00:00,08:00,2018-08-12 08:00:00,17.0,0.0,-35.0,-38.0,-74.20000000000002,5.0,-96.735
30714,2018-07-12 00:00:00,20:00,2018-07-12 20:00:00,,0.0,-29.9,-33.0,-113.68499999999992,4.0,-62.297499999999914
30714,2018-07-12 00:00:00,08:00,2018-07-12 08:00:00,18.0,0.0,-39.0,-42.5,-113.68499999999992,4.0,-62.297499999999914
30714,2018-06-12 00:00:00,20:00,2018-06-12 20:00:00,,0.0,-31.9,-35.0,-84.42000000000004,2.0,-100.87500000000006
30714,2018-06-12 00:00:00,08:00,2018-06-12 08:00:00,,0.4,-21.7,-24.9,-84.42000000000004,2.0,-100.87500000000006
30714,2018-05-12 00:00:00,20:00,2018-05-12 20:00:00,,0.5,-29.2,-32.2,-87.38250000000012,4.0,-50.877500000000104
30714,2018-05-12 00:00:00,08:00,2018-05-12 08:00:00,18.0,0.6,-28.1,-31.2,-87.38250000000012,4.0,-50.877500000000104
30714,2018-04-12 00:00:00,20:00,2018-04-12 20:00:00,,0.4,-21.7,-24.9,-89.82249999999992,2.0,-101.84749999999991
30714,2018-04-12 00:00:00,08:00,2018-04-12 08:00:00,17.0,0.0,-37.2,-40.1,-89.82249999999992,2.0,-101.84749999999991
30714,2018-03-12 00:00:00,20:00,2018-03-12 20:00:00,,0.0,-27.2,-30.3,-86.49000000000004,4.0,-69.67750000000004
30714,2018-03-12 00:00:00,08:00,2018-03-12 08:00:00,17.0,0.5,-28.6,-31.7,-86.49000000000004,4.0,-69.67750000000004
30714,2018-02-12 00:00:00,20:00,2018-02-12 20:00:00,,0.6,-20.3,-22.2,-35.52999999999998,9.0,78.61500000000001
30714,2018-02-12 00:00:00,08:00,2018-02-12 08:00:00,16.0,2.0,-17.1,-19.0,-35.52999999999998,9.0,78.61500000000001
30714,2018-01-12 00:00:00,20:00,2018-01-12 20:00:00,,4.0,-12.6,-15.2,-26.032500000000013,0.0,-26.032500000000013
30714,2018-01-12 00:00:00,08:00,2018-01-12 08:00:00,10.0,0.0,-14.1,-15.4,-26.032500000000013,0.0,-26.032500000000013
30714,2018-11-30 00:00:00,20:00,2018-11-30 20:00:00,,0.0,-13.0,-15.0,-41.85,5.0,-339.71750000000014
30714,2018-11-30 00:00:00,08:00,2018-11-30 08:00:00,10.0,0.0,-24.2,-26.7,-41.85,5.0,-339.71750000000014
30714,2018-11-29 00:00:00,20:00,2018-11-29 20:00:00,,0.5,-11.5,-13.6,-29.200000000000024,4.0,-297.8675000000001
30714,2018-11-29 00:00:00,08:00,2018-11-29 08:00:00,10.0,0.0,-17.7,-19.6,-29.200000000000024,4.0,-297.8675000000001
30714,2018-11-28 00:00:00,20:00,2018-11-28 20:00:00,,0.0,-19.6,-21.5,-63.25,3.0,-268.6675000000001
30714,2018-11-28 00:00:00,08:00,2018-11-28 08:00:00,10.0,0.0,-31.0,-34.1,-63.25,3.0,-268.6675000000001
30714,2018-11-27 00:00:00,20:00,2018-11-27 20:00:00,,0.0,-22.6,-25.2,-73.92000000000012,2.0,-205.41750000000008
30714,2018-11-27 00:00:00,08:00,2018-11-27 08:00:00,11.0,0.0,-30.2,-33.2,-73.92000000000012,2.0,-205.41750000000008
30714,2018-11-26 00:00:00,20:00,2018-11-26 20:00:00,,0.0,-11.1,-19.5,-96.73749999999998,1.0,-131.49749999999997
30714,2018-11-26 00:00:00,08:00,2018-11-26 08:00:00,,0.0,-24.4,-26.9,-96.73749999999998,1.0,-131.49749999999997
30714,2018-11-25 00:00:00,20:00,2018-11-25 20:00:00,,3.0,-6.5,-13.1,-34.76,0.0,-34.76
30714,2018-11-25 00:00:00,08:00,2018-11-25 08:00:00,6.0,0.0,-11.1,-12.4,-34.76,0.0,-34.76
30714,2018-11-24 00:00:00,20:00,2018-11-24 20:00:00,,0.0,-11.1,-12.4,-21.285000000000025,17.0,-564.1850000000002
30714,2018-11-24 00:00:00,08:00,2018-11-24 08:00:00,6.0,0.0,-14.7,-16.7,-21.285000000000025,17.0,-564.1850000000002
30714,2018-11-23 00:00:00,20:00,2018-11-23 20:00:00,,0.0,-13.8,-15.8,-39.2625,16.0,-542.9000000000001
30714,2018-11-23 00:00:00,08:00,2018-11-23 08:00:00,7.0,0.0,-21.1,-23.6,-39.2625,16.0,-542.9000000000001
30714,2018-11-22 00:00:00,20:00,2018-11-22 20:00:00,,0.0,-14.5,-16.5,-29.83499999999999,15.0,-503.6375000000001
30714,2018-11-22 00:00:00,08:00,2018-11-22 08:00:00,7.0,0.0,-16.1,-18.0,-29.83499999999999,15.0,-503.6375000000001
30714,2018-11-21 00:00:00,20:00,2018-11-21 20:00:00,,0.0,-14.7,-15.7,-35.4375,14.0,-473.8025000000001
30714,2018-11-21 00:00:00,08:00,2018-11-21 08:00:00,7.0,0.0,-25.8,-28.3,-35.4375,14.0,-473.8025000000001
30714,2018-11-20 00:00:00,20:00,2018-11-20 20:00:00,,0.0,-23.1,-25.7,-55.84500000000001,13.0,-438.3650000000001
30714,2018-11-20 00:00:00,08:00,2018-11-20 08:00:00,8.0,0.0,-20.7,-23.2,-55.84500000000001,13.0,-438.3650000000001
30714,2018-11-19 00:00:00,20:00,2018-11-19 20:00:00,,0.0,-22.6,-25.7,-81.89249999999993,12.0,-382.5200000000001
30714,2018-11-19 00:00:00,08:00,2018-11-19 08:00:00,8.0,0.0,-31.1,-34.1,-81.89249999999993,12.0,-382.5200000000001
30714,2018-11-18 00:00:00,20:00,2018-11-18 20:00:00,,0.0,-24.4,-27.6,-85.83750000000006,11.0,-300.62750000000017
30714,2018-11-18 00:00:00,08:00,2018-11-18 08:00:00,9.0,0.2,-30.1,-33.2,-85.83750000000006,11.0,-300.62750000000017
30714,2018-11-17 00:00:00,20:00,2018-11-17 20:00:00,,0.6,-14.9,-18.3,-36.180000000000014,10.0,-214.7900000000001
30714,2018-11-17 00:00:00,08:00,2018-11-17 08:00:00,9.0,2.0,-11.9,-13.9,-36.180000000000014,10.0,-214.7900000000001
30714,2018-11-16 00:00:00,20:00,2018-11-16 20:00:00,,0.0,-11.4,-13.4,-25.9,9.0,-178.6100000000001
30714,2018-11-16 00:00:00,08:00,2018-11-16 08:00:00,5.0,0.0,-14.5,-16.5,-25.9,9.0,-178.6100000000001
30714,2018-11-15 00:00:00,20:00,2018-11-15 20:00:00,,0.0,-14.3,-16.3,-44.4375,8.0,-152.7100000000001
30714,2018-11-15 00:00:00,08:00,2018-11-15 08:00:00,5.0,0.0,-25.2,-27.7,-44.4375,8.0,-152.7100000000001
30714,2018-11-14 00:00:00,20:00,2018-11-14 20:00:00,,0.0,-20.3,-22.9,-68.68499999999996,7.0,-108.2725000000001
30714,2018-11-14 00:00:00,08:00,2018-11-14 08:00:00,6.0,0.0,-27.9,-31.0,-68.68499999999996,7.0,-108.2725000000001
30714,2018-11-13 00:00:00,20:00,2018-11-13 20:00:00,,0.0,-21.3,-23.8,-57.94250000000007,6.0,-39.58750000000013
30714,2018-11-13 00:00:00,08:00,2018-11-13 08:00:00,6.0,0.9,-26.0,-28.4,-57.94250000000007,6.0,-39.58750000000013
30714,2018-12-11 00:00:00,20:00,2018-12-11 20:00:00,,3.0,-15.2,-17.9,-37.12499999999999,0.0,-37.12499999999999
30714,2018-12-11 00:00:00,08:00,2018-12-11 08:00:00,3.0,1.0,-12.3,-15.0,-37.12499999999999,0.0,-37.12499999999999
30714,2018-11-11 00:00:00,20:00,2018-11-11 20:00:00,,0.0,-6.8,-10.1,-18.250000000000007,4.0,62.684999999999995
30714,2018-11-11 00:00:00,08:00,2018-11-11 08:00:00,Снежный покров не постоянный.,0.0,-7.8,-9.5,-18.250000000000007,4.0,62.684999999999995
30714,2018-10-11 00:00:00,20:00,2018-10-11 20:00:00,,0.0,-5.1,-8.2,-18.92000000000001,3.0,5.307499999999983
30714,2018-10-11 00:00:00,08:00,2018-10-11 08:00:00,Менее 0.5,0.0,-12.1,-13.4,-18.92000000000001,3.0,5.307499999999983
30714,2018-09-11 00:00:00,20:00,2018-09-11 20:00:00,,0.0,-6.5,-8.9,-22.860000000000007,4.0,60.117500000000014
30714,2018-09-11 00:00:00,08:00,2018-09-11 08:00:00,1.0,0.0,-18.9,-20.1,-22.860000000000007,4.0,60.117500000000014
30714,2018-08-11 00:00:00,20:00,2018-08-11 20:00:00,,0.0,-9.1,,-86.04249999999998,4.0,-22.534999999999982
30714,2018-08-11 00:00:00,08:00,2018-08-11 08:00:00,1.0,0.0,-18.0,-19.9,-86.04249999999998,4.0,-22.534999999999982
30714,2018-07-11 00:00:00,20:00,2018-07-11 20:00:00,,0.0,-8.8,-10.3,-16.730000000000004,3.0,51.3875
30714,2018-07-11 00:00:00,08:00,2018-07-11 08:00:00,1.0,0.0,-15.1,-16.4,-16.730000000000004,3.0,51.3875
30714,2018-06-11 00:00:00,20:00,2018-06-11 20:00:00,,0.0,-3.9,-6.8,-19.00500000000001,1.0,-16.45500000000001
30714,2018-06-11 00:00:00,08:00,2018-06-11 08:00:00,2.0,0.0,-14.2,-15.5,-19.00500000000001,1.0,-16.45500000000001
30714,2018-05-11 00:00:00,20:00,2018-05-11 20:00:00,,0.0,-6.7,-10.9,-32.93999999999999,3.0,36.50500000000002
30714,2018-05-11 00:00:00,08:00,2018-05-11 08:00:00,2.0,0.0,-17.7,-18.9,-32.93999999999999,3.0,36.50500000000002
30714,2018-04-11 00:00:00,20:00,2018-04-11 20:00:00,,0.0,-10.5,-11.1,-11.447499999999993,1.0,-12.024999999999993
30714,2018-04-11 00:00:00,08:00,2018-04-11 08:00:00,2.0,0.0,-13.6,-14.9,-11.447499999999993,1.0,-12.024999999999993
30714,2018-03-11 00:00:00,20:00,2018-03-11 20:00:00,,0.0,-13.5,-15.5,-34.80749999999999,3.0,16.812499999999993
30714,2018-03-11 00:00:00,08:00,2018-03-11 08:00:00,3.0,0.0,-22.2,-24.1,-34.80749999999999,3.0,16.812499999999993
30714,2018-02-11 00:00:00,20:00,2018-02-11 20:00:00,,0.0,-15.2,-16.5,-27.485000000000007,8.0,114.14499999999998
30714,2018-02-11 00:00:00,08:00,2018-02-11 08:00:00,3.0,2.0,-8.7,-12.0,-27.485000000000007,8.0,114.14499999999998
30714,2018-01-11 00:00:00,20:00,2018-01-11 20:00:00,,0.6,-4.7,-7.8,-12.040000000000001,5.0,168.3325
30714,2018-01-11 00:00:00,08:00,2018-01-11 08:00:00,,0.0,-6.5,-7.7,-12.040000000000001,5.0,168.3325
30714,2018-10-31 00:00:00,20:00,2018-10-31 20:00:00,,0.0,-2.5,-5.6,-8.609999999999998,7.0,18.579999999999984
30714,2018-10-31 00:00:00,08:00,2018-10-31 08:00:00,,0.0,-5.7,-6.8,-8.609999999999998,7.0,18.579999999999984
30714,2018-10-30 00:00:00,20:00,2018-10-30 20:00:00,,0.0,-3.2,-4.2,-1.5200000000000005,6.0,27.18999999999998
30714,2018-10-30 00:00:00,08:00,2018-10-30 08:00:00,,0.6,0.0,-0.9,-1.5200000000000005,6.0,27.18999999999998
30714,2018-10-29 00:00:00,20:00,2018-10-29 20:00:00,,0.0,-1.4,-5.4,56.759999999999984,5.0,28.70999999999998
30714,2018-10-29 00:00:00,08:00,2018-10-29 08:00:00,Снежный покров не постоянный.,0.0,10.2,-11.6,56.759999999999984,5.0,28.70999999999998
30714,2018-10-28 00:00:00,20:00,2018-10-28 20:00:00,,0.0,-3.0,-5.0,-11.159999999999998,4.0,-28.050000000000004
30714,2018-10-28 00:00:00,08:00,2018-10-28 08:00:00,Снежный покров не постоянный.,0.0,-9.4,-11.0,-11.159999999999998,4.0,-28.050000000000004
30714,2018-10-27 00:00:00,20:00,2018-10-27 20:00:00,,0.0,-2.5,-4.4,-2.2399999999999998,3.0,-16.890000000000004
30714,2018-10-27 00:00:00,08:00,2018-10-27 08:00:00,2.0,0.0,-0.7,-1.6,-2.2399999999999998,3.0,-16.890000000000004
30714,2018-10-26 00:00:00,20:00,2018-10-26 20:00:00,,0.0,0.0,-0.9,-1.2349999999999999,2.0,-14.650000000000004
30714,2018-10-26 00:00:00,08:00,2018-10-26 08:00:00,6.0,0.0,-2.6,-3.6,-1.2349999999999999,2.0,-14.650000000000004
30714,2018-10-25 00:00:00,20:00,2018-10-25 20:00:00,,0.0,-1.5,-2.8,-8.125000000000004,1.0,-13.415000000000004
30714,2018-10-25 00:00:00,08:00,2018-10-25 08:00:00,10.0,0.0,-11.0,-12.3,-8.125000000000004,1.0,-13.415000000000004
30714,2018-10-24 00:00:00,20:00,2018-10-24 20:00:00,,0.8,-7.7,-9.1,-5.290000000000001,0.0,-5.290000000000001
30714,2018-10-24 00:00:00,08:00,2018-10-24 08:00:00,9.0,7.0,-1.5,-2.4,-5.290000000000001,0.0,-5.290000000000001
30714,2018-10-23 00:00:00,20:00,2018-10-23 20:00:00,,1.0,0.7,-0.4,-2.805000000000001,15.0,-121.20666666666659
30714,2018-10-23 00:00:00,08:00,2018-10-23 08:00:00,,0.0,-5.8,-6.9,-2.805000000000001,15.0,-121.20666666666659
30714,2018-10-22 00:00:00,20:00,2018-10-22 20:00:00,,0.0,-2.2,-4.5,-11.017499999999997,14.0,-118.40166666666659
30714,2018-10-22 00:00:00,08:00,2018-10-22 08:00:00,,0.0,-9.1,-10.7,-11.017499999999997,14.0,-118.40166666666659
30714,2018-10-21 00:00:00,23:00,2018-10-21 23:00:00,,0.7,-0.2,-1.7,-0.21666666666666667,13.0,-107.38416666666659
30714,2018-10-21 00:00:00,20:00,2018-10-21 20:00:00,,0.7,-0.2,-1.7,-0.21666666666666667,13.0,-107.38416666666659
30714,2018-10-21 00:00:00,08:00,2018-10-21 08:00:00,Менее 0.5,1.0,-0.1,-1.0,-0.21666666666666667,13.0,-107.38416666666659
30714,2018-10-20 00:00:00,20:00,2018-10-20 20:00:00,,0.0,2.8,0.4,3.334999999999999,12.0,-107.16749999999992
30714,2018-10-20 00:00:00,08:00,2018-10-20 08:00:00,,0.5,1.8,1.3,3.334999999999999,12.0,-107.16749999999992
30714,2018-10-19 00:00:00,20:00,2018-10-19 20:00:00,,0.0,3.4,0.2,5.2,11.0,-110.50249999999991
30714,2018-10-19 00:00:00,08:00,2018-10-19 08:00:00,,0.0,0.6,-1.4,5.2,11.0,-110.50249999999991
30714,2018-10-18 00:00:00,20:00,2018-10-18 20:00:00,,0.0,2.4,-3.5,-6.475,10.0,-115.70249999999992
30714,2018-10-18 00:00:00,08:00,2018-10-18 08:00:00,,0.0,-6.1,-7.2,-6.475,10.0,-115.70249999999992
30714,2018-10-17 00:00:00,20:00,2018-10-17 20:00:00,,0.0,4.2,-0.6,-2.0649999999999995,9.0,-109.22749999999992
30714,2018-10-17 00:00:00,08:00,2018-10-17 08:00:00,,0.0,-5.6,-6.7,-2.0649999999999995,9.0,-109.22749999999992
30714,2018-10-16 00:00:00,20:00,2018-10-16 20:00:00,,0.0,1.3,-0.9,0.08500000000000008,8.0,-107.16249999999992
30714,2018-10-16 00:00:00,08:00,2018-10-16 08:00:00,,0.0,-1.2,-2.4,0.08500000000000008,8.0,-107.16249999999992
30714,2018-10-15 00:00:00,20:00,2018-10-15 20:00:00,,0.0,0.6,-2.0,-6.142499999999998,7.0,-107.24749999999992
30714,2018-10-15 00:00:00,08:00,2018-10-15 08:00:00,,0.0,-6.9,-8.2,-6.142499999999998,7.0,-107.24749999999992
30714,2018-10-14 00:00:00,20:00,2018-10-14 20:00:00,,0.0,2.0,-1.8,-6.875,6.0,-101.10499999999992
30714,2018-10-14 00:00:00,08:00,2018-10-14 08:00:00,,0.0,-7.0,-8.7,-6.875,6.0,-101.10499999999992
30714,2018-10-13 00:00:00,20:00,2018-10-13 20:00:00,,0.0,1.6,-1.8,-8.799999999999997,5.0,-94.22999999999992
30714,2018-10-13 00:00:00,11:00,2018-10-13 11:00:00,,0.0,-7.4,-8.7,-8.799999999999997,5.0,-94.22999999999992
30714,2018-10-13 00:00:00,08:00,2018-10-13 08:00:00,,0.0,-7.4,-8.7,-8.799999999999997,5.0,-94.22999999999992
30714,2018-12-10 00:00:00,20:00,2018-12-10 20:00:00,,0.0,0.8,-1.8,2.7750000000000004,15.0,-107.79500000000016
30714,2018-12-10 00:00:00,08:00,2018-12-10 08:00:00,,0.6,2.2,1.1,2.7750000000000004,15.0,-107.79500000000016
30714,2018-11-10 00:00:00,20:00,2018-11-10 20:00:00,,0.0,11.0,-0.1,23.01,3.0,80.935
30714,2018-11-10 00:00:00,08:00,2018-11-10 08:00:00,,0.0,-3.2,-3.9,23.01,3.0,80.935
30714,2018-10-10 00:00:00,20:00,2018-10-10 20:00:00,,0.0,2.1,-1.3,-5.250000000000001,2.0,24.227499999999992
30714,2018-10-10 00:00:00,08:00,2018-10-10 08:00:00,,0.0,-6.3,-7.9,-5.250000000000001,2.0,24.227499999999992
30714,2018-09-10 00:00:00,20:00,2018-09-10 20:00:00,,0.0,2.2,0.0,-4.679999999999999,3.0,82.97750000000002
30714,2018-09-10 00:00:00,08:00,2018-09-10 08:00:00,,0.0,-7.0,-8.7,-4.679999999999999,3.0,82.97750000000002
30714,2018-08-10 00:00:00,20:00,2018-08-10 20:00:00,,0.0,-0.8,-3.3,-6.987500000000001,3.0,63.50749999999999
30714,2018-08-10 00:00:00,08:00,2018-08-10 08:00:00,,0.0,-3.5,-7.5,-6.987500000000001,3.0,63.50749999999999
30714,2018-07-10 00:00:00,20:00,2018-07-10 20:00:00,,0.3,-0.2,-1.7,0.39000000000000007,2.0,68.1175
30714,2018-07-10 00:00:00,08:00,2018-07-10 08:00:00,8.0,0.9,0.8,-0.3,0.39000000000000007,2.0,68.1175
30714,2018-06-10 00:00:00,20:00,2018-06-10 20:00:00,,3.0,2.4,1.1,2.55,0.0,2.55
30714,2018-06-10 00:00:00,08:00,2018-06-10 08:00:00,2.0,0.8,1.0,-0.7,2.55,0.0,2.55
30714,2018-05-10 00:00:00,20:00,2018-05-10 20:00:00,,2.0,2.0,-0.5,1.1050000000000002,2.0,69.44500000000001
30714,2018-05-10 00:00:00,08:00,2018-05-10 08:00:00,5.0,0.7,-0.7,-1.6,1.1050000000000002,2.0,69.44500000000001
30714,2018-04-10 00:00:00,20:00,2018-04-10 20:00:00,,4.0,0.0,-1.8,-0.5774999999999999,0.0,-0.5774999999999999
30714,2018-04-10 00:00:00,08:00,2018-04-10 08:00:00,5.0,5.0,-0.7,-2.2,-0.5774999999999999,0.0,-0.5774999999999999
30714,2018-03-10 00:00:00,20:00,2018-03-10 20:00:00,,0.0,2.5,-2.4,3.6599999999999997,2.0,51.61999999999998
30714,2018-03-10 00:00:00,08:00,2018-03-10 08:00:00,,0.0,-0.1,-1.3,3.6599999999999997,2.0,51.61999999999998
30714,2018-02-10 00:00:00,20:00,2018-02-10 20:00:00,,0.0,8.5,3.1,10.5,7.0,141.63
30714,2018-02-10 00:00:00,08:00,2018-02-10 08:00:00,,0.0,-1.5,-2.1,10.5,7.0,141.63
30714,2018-01-10 00:00:00,20:00,2018-01-10 20:00:00,,0.0,7.4,2.6,6.670000000000002,4.0,180.3725
30714,2018-01-10 00:00:00,08:00,2018-01-10 08:00:00,,0.0,-2.8,-3.8,6.670000000000002,4.0,180.3725
30714,2018-09-30 00:00:00,20:00,2018-09-30 20:00:00,,0.0,6.2,2.8,2.5725000000000007,2.0,7.335000000000002
30714,2018-09-30 00:00:00,08:00,2018-09-30 08:00:00,,0.0,-4.1,-5.6,2.5725000000000007,2.0,7.335000000000002
30714,2018-09-29 00:00:00,20:00,2018-09-29 20:00:00,,0.0,4.0,1.4,-0.9900000000000001,1.0,4.762500000000001
30714,2018-09-29 00:00:00,08:00,2018-09-29 08:00:00,,0.0,-5.2,-5.9,-0.9900000000000001,1.0,4.762500000000001
30714,2018-09-28 00:00:00,20:00,2018-09-28 20:00:00,,0.0,3.4,1.1,5.752500000000001,0.0,5.752500000000001
30714,2018-09-28 00:00:00,08:00,2018-09-28 08:00:00,,5.0,2.5,0.9,5.752500000000001,0.0,5.752500000000001
30714,2018-09-27 00:00:00,20:00,2018-09-27 20:00:00,,3.0,3.0,2.2,1.52,0.0,1.52
30714,2018-09-27 00:00:00,08:00,2018-09-27 08:00:00,,7.0,0.2,-0.9,1.52,0.0,1.52
30714,2018-09-26 00:00:00,20:00,2018-09-26 20:00:00,,2.0,6.4,4.6,9.715000000000002,0.0,9.715000000000002
30714,2018-09-26 00:00:00,08:00,2018-09-26 08:00:00,,4.0,7.0,5.9,9.715000000000002,0.0,9.715000000000002
30714,2018-09-25 00:00:00,20:00,2018-09-25 20:00:00,,0.0,15.8,5.9,35.7,6.0,83.985
30714,2018-09-25 00:00:00,08:00,2018-09-25 08:00:00,,0.0,-2.2,-2.8,35.7,6.0,83.985
30714,2018-09-24 00:00:00,20:00,2018-09-24 20:00:00,,0.0,9.1,3.8,13.487499999999997,5.0,48.285
30714,2018-09-24 00:00:00,08:00,2018-09-24 08:00:00,,0.0,-0.8,-2.0,13.487499999999997,5.0,48.285
30714,2018-09-23 00:00:00,20:00,2018-09-23 20:00:00,,0.0,10.7,5.2,8.844999999999997,4.0,34.7975
30714,2018-09-23 00:00:00,08:00,2018-09-23 08:00:00,,0.0,-4.9,-5.5,8.844999999999997,4.0,34.7975
30714,2018-09-22 00:00:00,20:00,2018-09-22 20:00:00,,0.0,8.3,2.3,4.857500000000001,3.0,25.9525
30714,2018-09-22 00:00:00,08:00,2018-09-22 08:00:00,,0.0,-5.4,-6.1,4.857500000000001,3.0,25.9525
30714,2018-09-21 00:00:00,20:00,2018-09-21 20:00:00,,0.0,5.7,0.6,4.2700000000000005,2.0,21.095
30714,2018-09-21 00:00:00,08:00,2018-09-21 08:00:00,,0.0,-2.9,-3.9,4.2700000000000005,2.0,21.095
30714,2018-09-20 00:00:00,20:00,2018-09-20 20:00:00,,0.8,4.2,1.4,12.775,1.0,16.825
30714,2018-09-20 00:00:00,08:00,2018-09-20 08:00:00,,2.0,2.8,-1.7,12.775,1.0,16.825
30714,2018-09-19 00:00:00,20:00,2018-09-19 20:00:00,,2.0,3.8,0.7,4.05,0.0,4.05
30714,2018-09-19 00:00:00,08:00,2018-09-19 08:00:00,,18.0,0.7,0.2,4.05,0.0,4.05
30714,2018-09-18 00:00:00,20:00,2018-09-18 20:00:00,,3.0,5.6,3.9,8.254999999999999,0.0,8.254999999999999
30714,2018-09-18 00:00:00,08:00,2018-09-18 08:00:00,,0.0,7.1,6.2,8.254999999999999,0.0,8.254999999999999
30714,2018-09-17 00:00:00,20:00,2018-09-17 20:00:00,,0.0,13.2,5.3,24.029999999999994,4.0,48.607499999999995
30714,2018-09-17 00:00:00,08:00,2018-09-17 08:00:00,,0.0,-2.4,-3.4,24.029999999999994,4.0,48.607499999999995
30714,2018-09-16 00:00:00,20:00,2018-09-16 20:00:00,,0.0,10.5,6.5,10.120000000000003,3.0,24.5775
30714,2018-09-16 00:00:00,08:00,2018-09-16 08:00:00,,0.0,-1.7,-2.3,10.120000000000003,3.0,24.5775
30714,2018-09-15 00:00:00,20:00,2018-09-15 20:00:00,,0.0,10.3,5.8,8.160000000000002,2.0,14.4575
30714,2018-09-15 00:00:00,08:00,2018-09-15 08:00:00,,0.0,-3.5,-3.8,8.160000000000002,2.0,14.4575
30714,2018-09-14 00:00:00,20:00,2018-09-14 20:00:00,,0.0,8.7,3.1,5.6099999999999985,1.0,6.2974999999999985
30714,2018-09-14 00:00:00,08:00,2018-09-14 08:00:00,,0.0,-5.3,-6.3,5.6099999999999985,1.0,6.2974999999999985
30714,2018-09-13 00:00:00,20:00,2018-09-13 20:00:00,,3.0,0.6,-1.1,0.6875,0.0,0.6875
30714,2018-09-13 00:00:00,08:00,2018-09-13 08:00:00,1.0,4.0,0.5,-0.3,0.6875,0.0,0.6875
30714,2018-12-09 00:00:00,20:00,2018-12-09 20:00:00,,2.0,5.2,3.5,5.940000000000001,14.0,-110.57000000000016
30714,2018-12-09 00:00:00,08:00,2018-12-09 08:00:00,,0.4,4.7,4.0,5.940000000000001,14.0,-110.57000000000016
30714,2018-11-09 00:00:00,20:00,2018-11-09 20:00:00,,0.0,9.7,7.4,12.0,2.0,57.925
30714,2018-11-09 00:00:00,08:00,2018-11-09 08:00:00,,0.4,6.3,5.6,12.0,2.0,57.925
30714,2018-10-09 00:00:00,20:00,2018-10-09 20:00:00,,0.0,9.9,7.4,12.83500000000001,1.0,29.477499999999992
30714,2018-10-09 00:00:00,08:00,2018-10-09 08:00:00,,0.0,5.2,4.3,12.83500000000001,1.0,29.477499999999992
30714,2018-09-09 00:00:00,20:00,2018-09-09 20:00:00,,0.5,12.3,8.9,15.637500000000001,2.0,87.65750000000001
30714,2018-09-09 00:00:00,08:00,2018-09-09 08:00:00,,0.0,1.6,0.5,15.637500000000001,2.0,87.65750000000001
30714,2018-08-09 00:00:00,20:00,2018-08-09 20:00:00,,0.0,12.4,9.2,15.502500000000001,2.0,70.49499999999999
30714,2018-08-09 00:00:00,08:00,2018-08-09 08:00:00,,0.0,3.5,2.8,15.502500000000001,2.0,70.49499999999999
30714,2018-07-09 00:00:00,20:00,2018-07-09 20:00:00,,0.0,13.3,5.7,31.290000000000003,1.0,67.7275
30714,2018-07-09 00:00:00,08:00,2018-07-09 08:00:00,,0.0,1.6,0.8,31.290000000000003,1.0,67.7275
30714,2018-06-09 00:00:00,20:00,2018-06-09 20:00:00,,0.0,10.3,7.4,15.865000000000013,1.0,28.997500000000006
30714,2018-06-09 00:00:00,08:00,2018-06-09 08:00:00,,0.0,6.4,5.5,15.865000000000013,1.0,28.997500000000006
30714,2018-05-09 00:00:00,20:00,2018-05-09 20:00:00,,2.0,8.0,5.8,22.230000000000004,1.0,68.34
30714,2018-05-09 00:00:00,08:00,2018-05-09 08:00:00,,0.6,7.6,4.1,22.230000000000004,1.0,68.34
30714,2018-04-09 00:00:00,23:00,2018-04-09 23:00:00,,2.0,9.7,8.0,13.953333333333337,1.0,74.98833333333334
30714,2018-04-09 00:00:00,20:00,2018-04-09 20:00:00,,2.0,9.7,8.0,13.953333333333337,1.0,74.98833333333334
30714,2018-04-09 00:00:00,08:00,2018-04-09 08:00:00,,1.0,10.5,9.7,13.953333333333337,1.0,74.98833333333334
30714,2018-03-09 00:00:00,20:00,2018-03-09 20:00:00,,0.0,14.6,11.6,22.040000000000003,1.0,47.95999999999999
30714,2018-03-09 00:00:00,08:00,2018-03-09 08:00:00,,0.0,8.6,7.8,22.040000000000003,1.0,47.95999999999999
30714,2018-02-09 00:00:00,20:00,2018-02-09 20:00:00,,0.0,14.2,11.2,24.12999999999998,6.0,131.13
30714,2018-02-09 00:00:00,08:00,2018-02-09 08:00:00,,0.4,11.2,10.4,24.12999999999998,6.0,131.13
30714,2018-01-09 00:00:00,20:00,2018-01-09 20:00:00,,0.0,14.5,11.9,15.299999999999999,3.0,173.7025
30714,2018-01-09 00:00:00,08:00,2018-01-09 08:00:00,,0.0,2.5,1.5,15.299999999999999,3.0,173.7025
30714,2018-08-31 00:00:00,20:00,2018-08-31 20:00:00,,0.0,12.1,10.4,14.559999999999983,2.0,54.99999999999998
30714,2018-08-31 00:00:00,08:00,2018-08-31 08:00:00,,0.0,8.7,7.6,14.559999999999983,2.0,54.99999999999998
30714,2018-08-30 00:00:00,20:00,2018-08-30 20:00:00,,0.0,15.4,12.3,22.939999999999998,1.0,40.44
30714,2018-08-30 00:00:00,08:00,2018-08-30 08:00:00,,1.0,9.4,8.8,22.939999999999998,1.0,40.44
30714,2018-08-29 00:00:00,20:00,2018-08-29 20:00:00,,3.0,13.4,12.3,17.5,0.0,17.5
30714,2018-08-29 00:00:00,08:00,2018-08-29 08:00:00,,0.0,14.6,13.2,17.5,0.0,17.5
30714,2018-08-28 00:00:00,20:00,2018-08-28 20:00:00,,0.0,18.4,15.0,25.36999999999998,4.0,128.48499999999999
30714,2018-08-28 00:00:00,08:00,2018-08-28 08:00:00,,0.0,5.2,4.3,25.36999999999998,4.0,128.48499999999999
30714,2018-08-27 00:00:00,20:00,2018-08-27 20:00:00,,0.0,17.9,12.7,39.37500000000001,3.0,103.11500000000001
30714,2018-08-27 00:00:00,08:00,2018-08-27 08:00:00,,0.0,7.1,6.0,39.37500000000001,3.0,103.11500000000001
30714,2018-08-26 00:00:00,20:00,2018-08-26 20:00:00,,0.0,17.9,14.4,30.982499999999984,2.0,63.739999999999995
30714,2018-08-26 00:00:00,08:00,2018-08-26 08:00:00,,0.0,6.4,4.8,30.982499999999984,2.0,63.739999999999995
30714,2018-08-25 00:00:00,20:00,2018-08-25 20:00:00,,0.0,16.3,12.9,22.895000000000007,1.0,32.75750000000001
30714,2018-08-25 00:00:00,08:00,2018-08-25 08:00:00,,0.0,7.8,7.4,22.895000000000007,1.0,32.75750000000001
30714,2018-08-24 00:00:00,20:00,2018-08-24 20:00:00,,19.0,13.4,12.5,9.8625,0.0,9.8625
30714,2018-08-24 00:00:00,08:00,2018-08-24 08:00:00,,37.0,12.9,12.3,9.8625,0.0,9.8625
30714,2018-08-23 00:00:00,20:00,2018-08-23 20:00:00,,15.0,15.9,15.2,10.14999999999999,0.0,10.14999999999999
30714,2018-08-23 00:00:00,08:00,2018-08-23 08:00:00,,0.0,13.1,12.4,10.14999999999999,0.0,10.14999999999999
30714,2018-08-22 00:00:00,20:00,2018-08-22 20:00:00,,0.0,20.4,14.8,44.36249999999997,3.0,138.42749999999995
30714,2018-08-22 00:00:00,08:00,2018-08-22 08:00:00,,0.0,6.9,6.0,44.36249999999997,3.0,138.42749999999995
30714,2018-08-21 00:00:00,20:00,2018-08-21 20:00:00,,0.0,19.2,16.2,29.819999999999993,2.0,94.06499999999998
30714,2018-08-21 00:00:00,08:00,2018-08-21 08:00:00,,0.0,9.2,8.0,29.819999999999993,2.0,94.06499999999998
30714,2018-08-20 00:00:00,20:00,2018-08-20 20:00:00,,0.0,18.6,14.8,32.64000000000001,1.0,64.24499999999999
30714,2018-08-20 00:00:00,08:00,2018-08-20 08:00:00,,0.0,7.0,5.7,32.64000000000001,1.0,64.24499999999999
30714,2018-08-19 00:00:00,20:00,2018-08-19 20:00:00,,0.0,16.5,13.7,31.60499999999998,0.0,31.60499999999998
30714,2018-08-19 00:00:00,08:00,2018-08-19 08:00:00,,22.0,12.9,11.4,31.60499999999998,0.0,31.60499999999998
30714,2018-08-18 00:00:00,20:00,2018-08-18 20:00:00,,1.0,15.3,14.4,9.987499999999995,2.0,65.89249999999998
30714,2018-08-18 00:00:00,08:00,2018-08-18 08:00:00,,0.0,8.2,7.4,9.987499999999995,2.0,65.89249999999998
30714,2018-08-17 00:00:00,20:00,2018-08-17 20:00:00,,0.0,17.2,11.9,37.5375,1.0,55.90499999999999
30714,2018-08-17 00:00:00,08:00,2018-08-17 08:00:00,,0.0,5.9,4.7,37.5375,1.0,55.90499999999999
30714,2018-08-16 00:00:00,20:00,2018-08-16 20:00:00,,0.6,13.5,11.8,18.367499999999986,0.0,18.367499999999986
30714,2018-08-16 00:00:00,08:00,2018-08-16 08:00:00,,6.0,10.2,8.8,18.367499999999986,0.0,18.367499999999986
30714,2018-08-15 00:00:00,20:00,2018-08-15 20:00:00,,10.0,10.9,9.7,11.600000000000023,0.0,11.600000000000023
30714,2018-08-15 00:00:00,08:00,2018-08-15 08:00:00,,10.0,12.3,11.5,11.600000000000023,0.0,11.600000000000023
30714,2018-08-14 00:00:00,20:00,2018-08-14 20:00:00,,12.0,14.1,13.2,12.959999999999978,0.0,12.959999999999978
30714,2018-08-14 00:00:00,08:00,2018-08-14 08:00:00,,10.0,14.7,13.8,12.959999999999978,0.0,12.959999999999978
30714,2018-08-13 00:00:00,20:00,2018-08-13 20:00:00,,7.0,19.0,17.5,22.11249999999999,0.0,22.11249999999999
30714,2018-08-13 00:00:00,08:00,2018-08-13 08:00:00,,0.0,11.5,10.1,22.11249999999999,0.0,22.11249999999999
30714,2018-12-08 00:00:00,20:00,2018-12-08 20:00:00,,0.0,20.2,17.1,40.625,13.0,-116.51000000000016
30714,2018-12-08 00:00:00,08:00,2018-12-08 08:00:00,,0.0,12.3,10.4,40.625,13.0,-116.51000000000016
30714,2018-11-08 00:00:00,20:00,2018-11-08 20:00:00,,0.0,20.3,16.9,28.405000000000005,1.0,45.925
30714,2018-11-08 00:00:00,08:00,2018-11-08 08:00:00,,0.0,9.6,9.2,28.405000000000005,1.0,45.925
30714,2018-10-08 00:00:00,20:00,2018-10-08 20:00:00,,14.0,16.5,15.1,16.642499999999984,0.0,16.642499999999984
30714,2018-10-08 00:00:00,08:00,2018-10-08 08:00:00,,11.0,15.2,14.5,16.642499999999984,0.0,16.642499999999984
30714,2018-09-08 00:00:00,20:00,2018-09-08 20:00:00,,0.3,21.2,16.1,59.31249999999998,1.0,72.02000000000001
30714,2018-09-08 00:00:00,08:00,2018-09-08 08:00:00,,0.0,11.3,9.1,59.31249999999998,1.0,72.02000000000001
30714,2018-08-08 00:00:00,20:00,2018-08-08 20:00:00,,0.3,19.4,15.5,31.724999999999998,1.0,54.992499999999986
30714,2018-08-08 00:00:00,08:00,2018-08-08 08:00:00,,0.0,8.8,8.2,31.724999999999998,1.0,54.992499999999986
30714,2018-07-08 00:00:00,20:00,2018-07-08 20:00:00,,0.0,16.9,12.2,36.4375,0.0,36.4375
30714,2018-07-08 00:00:00,08:00,2018-07-08 08:00:00,,27.0,9.6,8.8,36.4375,0.0,36.4375
30714,2018-06-08 00:00:00,20:00,2018-06-08 20:00:00,,3.0,16.5,15.5,13.132499999999993,0.0,13.132499999999993
30714,2018-06-08 00:00:00,08:00,2018-06-08 08:00:00,,0.0,14.4,13.7,13.132499999999993,0.0,13.132499999999993
30714,2018-05-08 00:00:00,20:00,2018-05-08 20:00:00,,19.0,17.0,12.3,46.11000000000001,0.0,46.11000000000001
30714,2018-05-08 00:00:00,08:00,2018-05-08 08:00:00,,0.8,14.8,13.7,46.11000000000001,0.0,46.11000000000001
30714,2018-04-08 00:00:00,20:00,2018-04-08 20:00:00,,0.0,20.1,14.1,61.035000000000004,0.0,61.035000000000004
30714,2018-04-08 00:00:00,08:00,2018-04-08 08:00:00,,5.0,11.2,9.4,61.035000000000004,0.0,61.035000000000004
30714,2018-03-08 00:00:00,20:00,2018-03-08 20:00:00,,12.0,14.4,12.8,25.919999999999984,0.0,25.919999999999984
30714,2018-03-08 00:00:00,08:00,2018-03-08 08:00:00,,0.0,14.4,12.4,25.919999999999984,0.0,25.919999999999984
30714,2018-02-08 00:00:00,20:00,2018-02-08 20:00:00,,2.0,18.1,16.6,16.6,5.0,107.00000000000003
30714,2018-02-08 00:00:00,08:00,2018-02-08 08:00:00,,0.5,15.1,14.6,16.6,5.0,107.00000000000003
30714,2018-01-08 00:00:00,20:00,2018-01-08 20:00:00,,0.0,19.8,16.7,47.55749999999994,2.0,158.40249999999997
30714,2018-01-08 00:00:00,08:00,2018-01-08 08:00:00,,0.0,17.5,15.5,47.55749999999994,2.0,158.40249999999997
30714,2018-07-31 00:00:00,20:00,2018-07-31 20:00:00,,0.0,22.4,16.0,66.8,1.0,139.7
30714,2018-07-31 00:00:00,08:00,2018-07-31 08:00:00,,0.0,11.0,9.4,66.8,1.0,139.7
30714,2018-07-30 00:00:00,20:00,2018-07-30 20:00:00,,0.0,19.3,12.8,72.89999999999999,0.0,72.89999999999999
30714,2018-07-30 00:00:00,08:00,2018-07-30 08:00:00,,7.0,13.1,10.6,72.89999999999999,0.0,72.89999999999999
30714,2018-07-29 00:00:00,20:00,2018-07-29 20:00:00,,0.0,18.0,14.4,43.349999999999994,2.0,181.55999999999997
30714,2018-07-29 00:00:00,08:00,2018-07-29 08:00:00,,0.0,10.9,8.5,43.349999999999994,2.0,181.55999999999997
30714,2018-07-28 00:00:00,20:00,2018-07-28 20:00:00,,0.0,20.0,12.2,67.89,1.0,138.20999999999998
30714,2018-07-28 00:00:00,08:00,2018-07-28 08:00:00,,0.0,9.2,7.7,67.89,1.0,138.20999999999998
30714,2018-07-27 00:00:00,20:00,2018-07-27 20:00:00,,0.0,18.0,10.8,70.32,0.0,70.32
30714,2018-07-27 00:00:00,08:00,2018-07-27 08:00:00,,4.0,11.3,8.9,70.32,0.0,70.32
30714,2018-07-26 00:00:00,20:00,2018-07-26 20:00:00,,6.0,11.2,9.8,13.912500000000009,0.0,13.912500000000009
30714,2018-07-26 00:00:00,08:00,2018-07-26 08:00:00,,4.0,15.3,14.6,13.912500000000009,0.0,13.912500000000009
30714,2018-07-25 00:00:00,20:00,2018-07-25 20:00:00,,0.7,17.5,16.0,22.814999999999962,2.0,108.40249999999992
30714,2018-07-25 00:00:00,08:00,2018-07-25 08:00:00,,0.0,16.3,15.1,22.814999999999962,2.0,108.40249999999992
30714,2018-07-24 00:00:00,20:00,2018-07-24 20:00:00,,0.0,25.7,18.7,75.04999999999998,1.0,85.58749999999996
30714,2018-07-24 00:00:00,08:00,2018-07-24 08:00:00,,0.3,12.3,11.4,75.04999999999998,1.0,85.58749999999996
30714,2018-07-23 00:00:00,20:00,2018-07-23 20:00:00,,24.0,16.4,15.7,10.537499999999975,0.0,10.537499999999975
30714,2018-07-23 00:00:00,08:00,2018-07-23 08:00:00,,0.0,11.7,10.9,10.537499999999975,0.0,10.537499999999975
30714,2018-07-22 00:00:00,20:00,2018-07-22 20:00:00,,34.0,14.2,13.5,9.5625,0.0,9.5625
30714,2018-07-22 00:00:00,08:00,2018-07-22 08:00:00,,0.0,11.3,10.5,9.5625,0.0,9.5625
30714,2018-07-21 00:00:00,20:00,2018-07-21 20:00:00,,0.0,15.3,13.7,17.875,1.0,32.815000000000005
30714,2018-07-21 00:00:00,08:00,2018-07-21 08:00:00,,2.0,13.3,12.4,17.875,1.0,32.815000000000005
30714,2018-07-20 00:00:00,20:00,2018-07-20 20:00:00,,1.0,16.3,15.3,14.940000000000007,0.0,14.940000000000007
30714,2018-07-20 00:00:00,08:00,2018-07-20 08:00:00,,14.0,16.9,16.1,14.940000000000007,0.0,14.940000000000007
30714,2018-07-19 00:00:00,20:00,2018-07-19 20:00:00,,0.0,22.9,15.8,151.06499999999994,2.0,210.87249999999992
30714,2018-07-19 00:00:00,08:00,2018-07-19 08:00:00,,0.0,14.4,5.3,151.06499999999994,2.0,210.87249999999992
30714,2018-07-18 00:00:00,20:00,2018-07-18 20:00:00,,0.0,20.7,17.5,42.95999999999997,1.0,59.807499999999976
30714,2018-07-18 00:00:00,08:00,2018-07-18 08:00:00,,0.0,15.1,13.5,42.95999999999997,1.0,59.807499999999976
30714,2018-07-17 00:00:00,20:00,2018-07-17 20:00:00,,8.0,16.3,14.7,16.847500000000007,0.0,16.847500000000007
30714,2018-07-17 00:00:00,08:00,2018-07-17 08:00:00,,25.0,13.0,12.3,16.847500000000007,0.0,16.847500000000007
30714,2018-07-16 00:00:00,20:00,2018-07-16 20:00:00,,0.4,19.3,16.8,30.090000000000057,0.0,30.090000000000057
30714,2018-07-16 00:00:00,08:00,2018-07-16 08:00:00,,6.0,16.1,15.2,30.090000000000057,0.0,30.090000000000057
30714,2018-07-15 00:00:00,20:00,2018-07-15 20:00:00,,0.0,22.6,15.8,83.02500000000008,2.0,245.16500000000008
30714,2018-07-15 00:00:00,08:00,2018-07-15 08:00:00,,0.0,14.3,12.1,83.02500000000008,2.0,245.16500000000008
30714,2018-07-14 00:00:00,20:00,2018-07-14 20:00:00,,0.0,25.1,14.6,116.51000000000003,1.0,162.14000000000001
30714,2018-07-14 00:00:00,08:00,2018-07-14 08:00:00,,0.0,13.1,11.4,116.51000000000003,1.0,162.14000000000001
30714,2018-07-13 00:00:00,20:00,2018-07-13 20:00:00,,5.0,19.2,16.2,45.62999999999998,0.0,45.62999999999998
30714,2018-07-13 00:00:00,08:00,2018-07-13 08:00:00,,3.0,14.6,12.2,45.62999999999998,0.0,45.62999999999998
30714,2018-12-07 00:00:00,20:00,2018-12-07 20:00:00,,0.4,14.7,12.5,30.4875,12.0,-157.13500000000016
30714,2018-12-07 00:00:00,08:00,2018-12-07 08:00:00,,1.0,12.4,10.1,30.4875,12.0,-157.13500000000016
30714,2018-11-07 00:00:00,20:00,2018-11-07 20:00:00,,5.0,11.9,9.7,17.519999999999996,0.0,17.519999999999996
30714,2018-11-07 00:00:00,08:00,2018-11-07 08:00:00,,0.0,10.0,9.0,17.519999999999996,0.0,17.519999999999996
30714,2018-10-07 00:00:00,20:00,2018-10-07 20:00:00,,0.0,14.3,10.3,29.32500000000001,1.0,48.535000000000025
30714,2018-10-07 00:00:00,08:00,2018-10-07 08:00:00,,0.8,8.7,7.6,29.32500000000001,1.0,48.535000000000025
30714,2018-09-07 00:00:00,20:00,2018-09-07 20:00:00,,1.0,12.1,10.6,12.707500000000024,0.0,12.707500000000024
30714,2018-09-07 00:00:00,08:00,2018-09-07 08:00:00,,5.0,10.0,9.2,12.707500000000024,0.0,12.707500000000024
30714,2018-08-07 00:00:00,20:00,2018-08-07 20:00:00,,1.0,13.2,10.1,23.267499999999988,0.0,23.267499999999988
30714,2018-08-07 00:00:00,08:00,2018-08-07 08:00:00,,4.0,9.5,8.5,23.267499999999988,0.0,23.267499999999988
30714,2018-07-07 00:00:00,20:00,2018-07-07 20:00:00,,3.0,10.4,8.8,14.88000000000001,0.0,14.88000000000001
30714,2018-07-07 00:00:00,08:00,2018-07-07 08:00:00,,0.0,8.8,7.3,14.88000000000001,0.0,14.88000000000001
30714,2018-06-07 00:00:00,20:00,2018-06-07 20:00:00,,0.0,16.7,7.1,69.92999999999999,13.0,1222.9775000000002
30714,2018-06-07 00:00:00,08:00,2018-06-07 08:00:00,,2.0,9.2,8.0,69.92999999999999,13.0,1222.9775000000002
30714,2018-05-07 00:00:00,20:00,2018-05-07 20:00:00,,2.0,9.8,9.0,7.840000000000008,0.0,7.840000000000008
30714,2018-05-07 00:00:00,08:00,2018-05-07 08:00:00,,4.0,9.8,9.0,7.840000000000008,0.0,7.840000000000008
30714,2018-04-07 00:00:00,20:00,2018-04-07 20:00:00,,28.0,17.4,16.6,19.56249999999997,0.0,19.56249999999997
30714,2018-04-07 00:00:00,08:00,2018-04-07 08:00:00,,0.0,13.9,12.2,19.56249999999997,0.0,19.56249999999997
30714,2018-03-07 00:00:00,20:00,2018-03-07 20:00:00,,9.0,20.6,17.2,36.550000000000004,0.0,36.550000000000004
30714,2018-03-07 00:00:00,08:00,2018-03-07 08:00:00,,3.0,13.4,12.5,36.550000000000004,0.0,36.550000000000004
30714,2018-02-07 00:00:00,20:00,2018-02-07 20:00:00,,2.0,16.1,13.6,53.720000000000034,4.0,90.40000000000003
30714,2018-02-07 00:00:00,08:00,2018-02-07 08:00:00,,0.0,15.5,11.2,53.720000000000034,4.0,90.40000000000003
30714,2018-01-07 00:00:00,20:00,2018-01-07 20:00:00,,2.0,21.2,15.0,62.125000000000014,1.0,110.84500000000003
30714,2018-01-07 00:00:00,08:00,2018-01-07 08:00:00,,2.0,13.8,12.9,62.125000000000014,1.0,110.84500000000003
30714,2018-06-30 00:00:00,20:00,2018-06-30 20:00:00,,0.0,20.2,16.2,52.29750000000003,4.0,684.2475000000001
30714,2018-06-30 00:00:00,08:00,2018-06-30 08:00:00,,0.0,16.5,14.8,52.29750000000003,4.0,684.2475000000001
30714,2018-06-29 00:00:00,20:00,2018-06-29 20:00:00,,0.0,23.6,11.6,161.71000000000004,3.0,631.95
30714,2018-06-29 00:00:00,08:00,2018-06-29 08:00:00,,0.0,17.6,13.9,161.71000000000004,3.0,631.95
30714,2018-06-28 00:00:00,20:00,2018-06-28 20:00:00,,0.0,22.8,18.0,74.29000000000002,2.0,470.24000000000007
30714,2018-06-28 00:00:00,08:00,2018-06-28 08:00:00,,0.0,16.3,13.5,74.29000000000002,2.0,470.24000000000007
30714,2018-06-27 00:00:00,20:00,2018-06-27 20:00:00,,0.0,27.9,12.6,177.16000000000005,1.0,395.95000000000005
30714,2018-06-27 00:00:00,08:00,2018-06-27 08:00:00,,0.0,13.3,11.4,177.16000000000005,1.0,395.95000000000005
30714,2018-06-26 00:00:00,20:00,2018-06-26 20:00:00,,0.0,24.9,11.1,218.78999999999996,0.0,218.78999999999996
30714,2018-06-26 00:00:00,08:00,2018-06-26 08:00:00,,3.0,18.0,11.4,218.78999999999996,0.0,218.78999999999996
30714,2018-06-25 00:00:00,20:00,2018-06-25 20:00:00,,0.1,19.9,11.0,117.9,3.0,406.9225
30714,2018-06-25 00:00:00,08:00,2018-06-25 08:00:00,,1.0,16.1,11.9,117.9,3.0,406.9225
30714,2018-06-24 00:00:00,20:00,2018-06-24 20:00:00,,0.0,22.8,6.1,215.6,2.0,289.02250000000004
30714,2018-06-24 00:00:00,08:00,2018-06-24 08:00:00,,0.0,15.7,10.0,215.6,2.0,289.02250000000004
30714,2018-06-23 00:00:00,20:00,2018-06-23 20:00:00,,0.0,18.6,14.7,46.51250000000001,1.0,73.42250000000003
30714,2018-06-23 00:00:00,08:00,2018-06-23 08:00:00,,0.0,11.9,9.7,46.51250000000001,1.0,73.42250000000003
30714,2018-06-22 00:00:00,20:00,2018-06-22 20:00:00,,9.0,14.0,12.0,26.910000000000014,0.0,26.910000000000014
30714,2018-06-22 00:00:00,08:00,2018-06-22 08:00:00,,0.0,13.6,11.7,26.910000000000014,0.0,26.910000000000014
30714,2018-06-21 00:00:00,20:00,2018-06-21 20:00:00,,9.0,20.9,17.3,45.74999999999993,0.0,45.74999999999993
30714,2018-06-21 00:00:00,08:00,2018-06-21 08:00:00,,4.0,15.7,14.3,45.74999999999993,0.0,45.74999999999993
30714,2018-06-20 00:00:00,20:00,2018-06-20 20:00:00,,11.0,17.5,16.2,106.15000000000003,0.0,106.15000000000003
30714,2018-06-20 00:00:00,11:00,2018-06-20 11:00:00,,0.0,20.2,12.6,106.15000000000003,0.0,106.15000000000003
30714,2018-06-20 00:00:00,08:00,2018-06-20 08:00:00,,0.0,20.2,12.6,106.15000000000003,0.0,106.15000000000003
30714,2018-06-19 00:00:00,20:00,2018-06-19 20:00:00,,0.0,22.6,14.1,112.125,3.0,403.7625
30714,2018-06-19 00:00:00,08:00,2018-06-19 08:00:00,,0.0,11.9,7.4,112.125,3.0,403.7625
30714,2018-06-18 00:00:00,20:00,2018-06-18 20:00:00,,0.0,23.1,6.1,186.84000000000003,2.0,291.6375
30714,2018-06-18 00:00:00,08:00,2018-06-18 08:00:00,,0.0,11.5,6.9,186.84000000000003,2.0,291.6375
30714,2018-06-17 00:00:00,20:00,2018-06-17 20:00:00,,0.6,17.2,12.9,34.297499999999985,1.0,104.79749999999997
30714,2018-06-17 00:00:00,08:00,2018-06-17 08:00:00,,2.0,9.7,8.9,34.297499999999985,1.0,104.79749999999997
30714,2018-06-16 00:00:00,20:00,2018-06-16 20:00:00,,0.0,18.3,10.9,70.49999999999999,0.0,70.49999999999999
30714,2018-06-16 00:00:00,08:00,2018-06-16 08:00:00,,12.0,11.7,9.7,70.49999999999999,0.0,70.49999999999999
30714,2018-06-15 00:00:00,20:00,2018-06-15 20:00:00,,1.0,15.2,13.0,19.642500000000023,0.0,19.642500000000023
30714,2018-06-15 00:00:00,08:00,2018-06-15 08:00:00,,3.0,13.9,13.4,19.642500000000023,0.0,19.642500000000023
30714,2018-06-14 00:00:00,20:00,2018-06-14 20:00:00,,3.0,15.1,14.0,20.519999999999992,0.0,20.519999999999992
30714,2018-06-14 00:00:00,08:00,2018-06-14 08:00:00,,0.0,15.3,13.7,20.519999999999992,0.0,20.519999999999992
30714,2018-06-13 00:00:00,20:00,2018-06-13 20:00:00,,6.0,18.0,16.0,24.66749999999998,0.0,24.66749999999998
30714,2018-06-13 00:00:00,08:00,2018-06-13 08:00:00,,0.0,11.9,10.6,24.66749999999998,0.0,24.66749999999998
30714,2018-12-06 00:00:00,20:00,2018-12-06 20:00:00,,0.0,21.2,12.0,100.64999999999999,11.0,-187.62250000000017
30714,2018-12-06 00:00:00,08:00,2018-12-06 08:00:00,,0.0,11.8,8.8,100.64999999999999,11.0,-187.62250000000017
30714,2018-11-06 00:00:00,20:00,2018-11-06 20:00:00,,0.0,22.0,7.1,159.88500000000005,13.0,134.67000000000013
30714,2018-11-06 00:00:00,08:00,2018-11-06 08:00:00,,0.0,12.2,8.4,159.88500000000005,13.0,134.67000000000013
30714,2018-10-06 00:00:00,20:00,2018-10-06 20:00:00,,4.0,15.2,12.7,19.21000000000001,0.0,19.21000000000001
30714,2018-10-06 00:00:00,08:00,2018-10-06 08:00:00,,0.0,7.4,6.5,19.21000000000001,0.0,19.21000000000001
30714,2018-09-06 00:00:00,20:00,2018-09-06 20:00:00,,13.0,14.7,11.9,28.750000000000007,0.0,28.750000000000007
30714,2018-09-06 00:00:00,08:00,2018-09-06 08:00:00,,4.0,10.3,8.5,28.750000000000007,0.0,28.750000000000007
30714,2018-08-06 00:00:00,20:00,2018-08-06 20:00:00,,0.3,16.1,13.6,29.700000000000024,1.0,33.950000000000024
30714,2018-08-06 00:00:00,08:00,2018-08-06 08:00:00,,0.0,10.3,8.3,29.700000000000024,1.0,33.950000000000024
30714,2018-07-06 00:00:00,20:00,2018-07-06 20:00:00,,2.0,15.0,13.2,50.225,10.0,533.0972222222222
30714,2018-07-06 00:00:00,08:00,2018-07-06 08:00:00,,0.0,13.7,8.5,50.225,10.0,533.0972222222222
30714,2018-06-06 00:00:00,20:00,2018-06-06 20:00:00,,0.0,18.0,9.0,91.7,12.0,1153.0475000000001
30714,2018-06-06 00:00:00,08:00,2018-06-06 08:00:00,,0.0,10.0,5.9,91.7,12.0,1153.0475000000001
30714,2018-05-06 00:00:00,20:00,2018-05-06 20:00:00,,0.0,14.7,10.3,34.617499999999986,0.0,34.617499999999986
30714,2018-05-06 00:00:00,08:00,2018-05-06 08:00:00,,6.0,8.0,6.3,34.617499999999986,0.0,34.617499999999986
30714,2018-04-06 00:00:00,20:00,2018-04-06 20:00:00,,0.0,12.7,4.4,65.83500000000002,10.0,-101.94999999999983
30714,2018-04-06 00:00:00,08:00,2018-04-06 08:00:00,,0.0,10.4,7.3,65.83500000000002,10.0,-101.94999999999983
30714,2018-03-06 00:00:00,20:00,2018-03-06 20:00:00,,0.0,22.5,4.5,196.71000000000004,1.0,226.93250000000003
30714,2018-03-06 00:00:00,08:00,2018-03-06 08:00:00,,0.0,10.7,5.0,196.71000000000004,1.0,226.93250000000003
30714,2018-02-06 00:00:00,20:00,2018-02-06 20:00:00,,0.0,16.0,9.3,42.0675,3.0,36.68
30714,2018-02-06 00:00:00,08:00,2018-02-06 08:00:00,,0.0,5.3,4.1,42.0675,3.0,36.68
30714,2018-01-06 00:00:00,20:00,2018-01-06 20:00:00,,10.0,5.3,4.1,48.720000000000006,0.0,48.720000000000006
30714,2018-01-06 00:00:00,08:00,2018-01-06 08:00:00,,0.0,15.0,6.6,48.720000000000006,0.0,48.720000000000006
30714,2018-05-31 00:00:00,20:00,2018-05-31 20:00:00,,0.0,25.8,13.6,150.35999999999996,6.0,1159.93
30714,2018-05-31 00:00:00,08:00,2018-05-31 08:00:00,,0.0,10.0,5.4,150.35999999999996,6.0,1159.93
30714,2018-05-30 00:00:00,20:00,2018-05-30 20:00:00,,0.0,17.7,5.6,189.75,5.0,1009.57
30714,2018-05-30 00:00:00,08:00,2018-05-30 08:00:00,,0.0,15.3,4.4,189.75,5.0,1009.57
30714,2018-05-29 00:00:00,20:00,2018-05-29 20:00:00,,0.0,29.3,1.6,380.19000000000005,4.0,819.82
30714,2018-05-29 00:00:00,08:00,2018-05-29 08:00:00,,0.0,14.4,7.3,380.19000000000005,4.0,819.82
30714,2018-05-28 00:00:00,20:00,2018-05-28 20:00:00,,0.0,25.7,6.3,208.53499999999997,3.0,439.63
30714,2018-05-28 00:00:00,08:00,2018-05-28 08:00:00,,0.0,10.1,6.2,208.53499999999997,3.0,439.63
30714,2018-05-27 00:00:00,20:00,2018-05-27 20:00:00,,0.0,18.6,7.9,105.42000000000002,2.0,231.09500000000003
30714,2018-05-27 00:00:00,08:00,2018-05-27 08:00:00,,0.0,6.5,0.4,105.42000000000002,2.0,231.09500000000003
30714,2018-05-26 00:00:00,20:00,2018-05-26 20:00:00,,0.0,14.2,-7.3,115.55500000000002,1.0,125.67500000000001
30714,2018-05-26 00:00:00,08:00,2018-05-26 08:00:00,,0.0,4.9,2.2,115.55500000000002,1.0,125.67500000000001
30714,2018-05-25 00:00:00,20:00,2018-05-25 20:00:00,,2.0,5.9,3.0,10.119999999999997,0.0,10.119999999999997
30714,2018-05-25 00:00:00,08:00,2018-05-25 08:00:00,,8.0,3.3,1.8,10.119999999999997,0.0,10.119999999999997
30714,2018-05-24 00:00:00,20:00,2018-05-24 20:00:00,,0.6,12.4,8.2,33.70250000000001,3.0,146.28
30714,2018-05-24 00:00:00,08:00,2018-05-24 08:00:00,,1.0,9.7,7.8,33.70250000000001,3.0,146.28
30714,2018-05-23 00:00:00,20:00,2018-05-23 20:00:00,,0.0,20.5,7.3,100.10000000000001,2.0,112.5775
30714,2018-05-23 00:00:00,08:00,2018-05-23 08:00:00,,0.0,5.5,3.3,100.10000000000001,2.0,112.5775
30714,2018-05-22 00:00:00,20:00,2018-05-22 20:00:00,,1.0,8.4,6.7,11.759999999999998,1.0,12.477499999999997
30714,2018-05-22 00:00:00,08:00,2018-05-22 08:00:00,Снежный покров не постоянный.,1.0,1.2,-2.0,11.759999999999998,1.0,12.477499999999997
30714,2018-05-21 00:00:00,20:00,2018-05-21 20:00:00,,1.0,1.2,-1.4,0.7174999999999999,0.0,0.7174999999999999
30714,2018-05-21 00:00:00,08:00,2018-05-21 08:00:00,7.0,3.0,-0.5,-2.0,0.7174999999999999,0.0,0.7174999999999999
30714,2018-05-20 00:00:00,20:00,2018-05-20 20:00:00,,3.0,0.5,-1.2,8.4925,0.0,8.4925
30714,2018-05-20 00:00:00,08:00,2018-05-20 08:00:00,,0.0,3.8,-2.4,8.4925,0.0,8.4925
30714,2018-05-19 00:00:00,20:00,2018-05-19 20:00:00,,0.0,13.3,0.8,64.68,11.0,410.8224999999999
30714,2018-05-19 00:00:00,08:00,2018-05-19 08:00:00,,0.7,3.5,0.6,64.68,11.0,410.8224999999999
30714,2018-05-18 00:00:00,20:00,2018-05-18 20:00:00,,0.0,9.4,0.5,70.4375,10.0,346.14249999999987
30714,2018-05-18 00:00:00,08:00,2018-05-18 08:00:00,,0.0,8.1,0.9,70.4375,10.0,346.14249999999987
30714,2018-05-17 00:00:00,20:00,2018-05-17 20:00:00,,0.0,16.3,6.5,84.65999999999998,9.0,275.70499999999987
30714,2018-05-17 00:00:00,08:00,2018-05-17 08:00:00,,0.0,4.1,-2.7,84.65999999999998,9.0,275.70499999999987
30714,2018-05-16 00:00:00,20:00,2018-05-16 20:00:00,,0.0,15.1,-1.4,107.85749999999999,8.0,191.0449999999999
30714,2018-05-16 00:00:00,08:00,2018-05-16 08:00:00,,0.0,4.6,-0.8,107.85749999999999,8.0,191.0449999999999
30714,2018-05-15 00:00:00,20:00,2018-05-15 20:00:00,,0.0,13.2,-4.7,76.5375,7.0,83.18749999999991
30714,2018-05-15 00:00:00,08:00,2018-05-15 08:00:00,,0.0,2.5,0.9,76.5375,7.0,83.18749999999991
30714,2018-05-14 00:00:00,20:00,2018-05-14 20:00:00,,0.0,8.8,1.5,28.892500000000005,6.0,6.649999999999913
30714,2018-05-14 00:00:00,08:00,2018-05-14 08:00:00,,2.0,3.9,2.1,28.892500000000005,6.0,6.649999999999913
30714,2018-05-13 00:00:00,20:00,2018-05-13 20:00:00,,0.0,8.8,3.2,28.635000000000012,5.0,-22.242500000000092
30714,2018-05-13 00:00:00,08:00,2018-05-13 08:00:00,,2.0,7.8,6.5,28.635000000000012,5.0,-22.242500000000092
30714,2018-12-05 00:00:00,20:00,2018-12-05 20:00:00,,0.0,17.2,-1.0,97.36999999999999,10.0,-288.27250000000015
30714,2018-12-05 00:00:00,08:00,2018-12-05 08:00:00,,0.0,1.0,-2.2,97.36999999999999,10.0,-288.27250000000015
30714,2018-11-05 00:00:00,20:00,2018-11-05 20:00:00,,0.0,7.1,-1.7,22.514999999999997,12.0,-25.21499999999992
30714,2018-11-05 00:00:00,08:00,2018-11-05 08:00:00,Менее 0.5,1.0,0.8,-1.8,22.514999999999997,12.0,-25.21499999999992
30714,2018-10-05 00:00:00,20:00,2018-10-05 20:00:00,,3.0,7.4,6.1,12.322500000000003,0.0,12.322500000000003
30714,2018-10-05 00:00:00,08:00,2018-10-05 08:00:00,,0.0,1.9,-2.1,12.322500000000003,0.0,12.322500000000003
30714,2018-09-05 00:00:00,20:00,2018-09-05 20:00:00,,0.0,12.9,-1.6,58.14,1.0,58.665
30714,2018-09-05 00:00:00,08:00,2018-09-05 08:00:00,4.0,0.0,0.7,-1.9,58.14,1.0,58.665
30714,2018-08-05 00:00:00,20:00,2018-08-05 20:00:00,,1.0,3.3,-1.7,4.25,0.0,4.25
30714,2018-08-05 00:00:00,08:00,2018-08-05 08:00:00,9.0,7.0,0.1,0.1,4.25,0.0,4.25
30714,2018-07-05 00:00:00,20:00,2018-07-05 20:00:00,,0.7,3.2,1.4,5.985,9.0,482.87222222222215
30714,2018-07-05 00:00:00,08:00,2018-07-05 08:00:00,,0.0,2.5,0.1,5.985,9.0,482.87222222222215
30714,2018-06-05 00:00:00,20:00,2018-06-05 20:00:00,,0.0,16.2,-0.9,106.275,11.0,1061.3475
30714,2018-06-05 00:00:00,08:00,2018-06-05 08:00:00,,0.0,3.3,-1.4,106.275,11.0,1061.3475
30714,2018-05-05 00:00:00,20:00,2018-05-05 20:00:00,,0.0,14.7,-3.4,82.94,6.0,-88.47
30714,2018-05-05 00:00:00,08:00,2018-05-05 08:00:00,,0.0,-0.4,-5.5,82.94,6.0,-88.47
30714,2018-04-05 00:00:00,20:00,2018-04-05 20:00:00,,0.0,6.7,-10.2,60.6375,9.0,-167.78499999999985
30714,2018-04-05 00:00:00,08:00,2018-04-05 08:00:00,,0.0,3.8,-2.4,60.6375,9.0,-167.78499999999985
30714,2018-03-05 00:00:00,20:00,2018-03-05 20:00:00,,0.0,10.4,4.4,30.222499999999997,0.0,30.222499999999997
30714,2018-03-05 00:00:00,08:00,2018-03-05 08:00:00,,5.0,5.3,3.6,30.222499999999997,0.0,30.222499999999997
30714,2018-02-05 00:00:00,20:00,2018-02-05 20:00:00,,0.0,12.3,0.6,72.1875,2.0,-5.387500000000003
30714,2018-02-05 00:00:00,08:00,2018-02-05 08:00:00,,0.0,4.2,-1.6,72.1875,2.0,-5.387500000000003
30714,2018-01-05 00:00:00,20:00,2018-01-05 20:00:00,,0.0,16.8,-1.7,114.35250000000002,1.0,63.47250000000002
30714,2018-01-05 00:00:00,08:00,2018-01-05 08:00:00,,0.0,2.5,-2.7,114.35250000000002,1.0,63.47250000000002
30714,2018-04-30 00:00:00,20:00,2018-04-30 20:00:00,,0.0,10.4,-3.2,44.917500000000004,1.0,58.970000000000006
30714,2018-04-30 00:00:00,08:00,2018-04-30 08:00:00,,0.0,0.9,-1.4,44.917500000000004,1.0,58.970000000000006
30714,2018-04-29 00:00:00,20:00,2018-04-29 20:00:00,,0.6,5.9,-0.7,14.052500000000004,0.0,14.052500000000004
30714,2018-04-29 00:00:00,08:00,2018-04-29 08:00:00,,3.0,1.4,0.3,14.052500000000004,0.0,14.052500000000004
30714,2018-04-28 00:00:00,20:00,2018-04-28 20:00:00,,0.0,6.3,-1.5,13.919999999999998,1.0,22.4175
30714,2018-04-28 00:00:00,08:00,2018-04-28 08:00:00,,0.0,0.1,-0.8,13.919999999999998,1.0,22.4175
30714,2018-04-27 00:00:00,20:00,2018-04-27 20:00:00,,6.0,2.9,1.9,8.497500000000002,0.0,8.497500000000002
30714,2018-04-27 00:00:00,08:00,2018-04-27 08:00:00,,6.0,7.4,5.1,8.497500000000002,0.0,8.497500000000002
30714,2018-04-26 00:00:00,20:00,2018-04-26 20:00:00,,0.0,20.6,2.4,162.25,5.0,586.36
30714,2018-04-26 00:00:00,08:00,2018-04-26 08:00:00,,0.0,6.9,1.5,162.25,5.0,586.36
30714,2018-04-25 00:00:00,20:00,2018-04-25 20:00:00,,0.0,16.0,1.8,115.82999999999997,4.0,424.11
30714,2018-04-25 00:00:00,08:00,2018-04-25 08:00:00,,0.0,7.4,1.8,115.82999999999997,4.0,424.11
30714,2018-04-24 00:00:00,20:00,2018-04-24 20:00:00,,0.0,17.6,0.2,113.56500000000001,3.0,308.28000000000003
30714,2018-04-24 00:00:00,08:00,2018-04-24 08:00:00,,0.0,2.5,-2.7,113.56500000000001,3.0,308.28000000000003
30714,2018-04-23 00:00:00,20:00,2018-04-23 20:00:00,,0.0,15.8,-10.1,116.325,2.0,194.715
30714,2018-04-23 00:00:00,08:00,2018-04-23 08:00:00,,0.0,0.7,-1.6,116.325,2.0,194.715
30714,2018-04-22 00:00:00,20:00,2018-04-22 20:00:00,,0.0,12.3,-5.1,63.98500000000001,1.0,78.39
30714,2018-04-22 00:00:00,08:00,2018-04-22 08:00:00,,0.0,1.1,-0.6,63.98500000000001,1.0,78.39
30714,2018-04-21 00:00:00,20:00,2018-04-21 20:00:00,,0.8,6.1,-1.4,14.404999999999998,0.0,14.404999999999998
30714,2018-04-21 00:00:00,08:00,2018-04-21 08:00:00,2.0,3.0,0.6,-0.5,14.404999999999998,0.0,14.404999999999998
30714,2018-04-20 00:00:00,20:00,2018-04-20 20:00:00,,0.0,7.8,-3.6,25.205,1.0,23.08
30714,2018-04-20 00:00:00,08:00,2018-04-20 08:00:00,8.0,0.0,-0.7,-3.5,25.205,1.0,23.08
30714,2018-04-19 00:00:00,20:00,2018-04-19 20:00:00,,4.0,-0.8,-3.3,-2.125,0.0,-2.125
30714,2018-04-19 00:00:00,08:00,2018-04-19 08:00:00,11.0,8.0,-1.7,-2.6,-2.125,0.0,-2.125
30714,2018-04-18 00:00:00,20:00,2018-04-18 20:00:00,,0.0,0.7,-1.3,-0.3500000000000001,8.0,8.875000000000087
30714,2018-04-18 00:00:00,08:00,2018-04-18 08:00:00,,0.0,-1.1,-2.6,-0.3500000000000001,8.0,8.875000000000087
30714,2018-04-17 00:00:00,20:00,2018-04-17 20:00:00,,0.0,10.2,0.7,33.6,7.0,9.225000000000087
30714,2018-04-17 00:00:00,08:00,2018-04-17 08:00:00,,0.0,0.3,-3.0,33.6,7.0,9.225000000000087
30714,2018-04-16 00:00:00,20:00,2018-04-16 20:00:00,,0.0,7.7,-5.3,32.894999999999996,6.0,-24.374999999999915
30714,2018-04-16 00:00:00,08:00,2018-04-16 08:00:00,2.0,0.9,0.9,-1.4,32.894999999999996,6.0,-24.374999999999915
30714,2018-04-15 00:00:00,20:00,2018-04-15 20:00:00,,1.0,1.1,-0.3,0.95,5.0,-57.26999999999991
30714,2018-04-15 00:00:00,08:00,2018-04-15 08:00:00,,0.0,-0.1,-2.5,0.95,5.0,-57.26999999999991
30714,2018-04-14 00:00:00,20:00,2018-04-14 20:00:00,,0.0,10.7,-3.8,36.55,4.0,-58.219999999999914
30714,2018-04-14 00:00:00,08:00,2018-04-14 08:00:00,Снежный покров не постоянный.,0.0,-2.1,-4.6,36.55,4.0,-58.219999999999914
30714,2018-04-13 00:00:00,20:00,2018-04-13 20:00:00,,0.0,4.9,-8.0,7.0775000000000015,3.0,-94.76999999999991
30714,2018-04-13 00:00:00,08:00,2018-04-13 08:00:00,Снежный покров не постоянный.,0.0,-3.0,-5.0,7.0775000000000015,3.0,-94.76999999999991
30714,2018-12-04 00:00:00,20:00,2018-12-04 20:00:00,,2.0,0.7,-0.7,0.49999999999999994,9.0,-385.64250000000015
30714,2018-12-04 00:00:00,08:00,2018-12-04 08:00:00,2.0,2.0,0.1,-1.0,0.49999999999999994,9.0,-385.64250000000015
30714,2018-11-04 00:00:00,20:00,2018-11-04 20:00:00,,2.0,1.1,0.3,0.575,11.0,-47.72999999999992
30714,2018-11-04 00:00:00,08:00,2018-11-04 08:00:00,Снежный покров не постоянный.,0.0,-0.1,-1.6,0.575,11.0,-47.72999999999992
30714,2018-10-04 00:00:00,20:00,2018-10-04 20:00:00,,0.7,3.5,-2.1,5.324999999999999,0.0,5.324999999999999
30714,2018-10-04 00:00:00,08:00,2018-10-04 08:00:00,8.0,4.0,-0.5,-2.0,5.324999999999999,0.0,5.324999999999999
30714,2018-09-04 00:00:00,20:00,2018-09-04 20:00:00,,1.0,0.5,-2.1,0.525,0.0,0.525
30714,2018-09-04 00:00:00,08:00,2018-09-04 08:00:00,8.0,6.0,0.1,-0.8,0.525,0.0,0.525
30714,2018-08-04 00:00:00,20:00,2018-08-04 20:00:00,,0.0,7.4,-2.3,18.742500000000003,2.0,-28.194999999999983
30714,2018-08-04 00:00:00,08:00,2018-08-04 08:00:00,1.0,0.0,-1.1,-3.3,18.742500000000003,2.0,-28.194999999999983
30714,2018-07-04 00:00:00,20:00,2018-07-04 20:00:00,,0.0,5.5,-10.0,-12.267777777777777,8.0,476.88722222222214
30714,2018-07-04 00:00:00,11:00,2018-07-04 11:00:00,2.0,0.0,-6.0,-7.1,-12.267777777777777,8.0,476.88722222222214
30714,2018-07-04 00:00:00,08:00,2018-07-04 08:00:00,2.0,0.0,-5.6,-7.1,-12.267777777777777,8.0,476.88722222222214
30714,2018-06-04 00:00:00,20:00,2018-06-04 20:00:00,,0.0,3.9,-5.2,-20.1275,10.0,955.0725000000001
30714,2018-06-04 00:00:00,08:00,2018-06-04 08:00:00,8.0,0.0,-12.2,-12.8,-20.1275,10.0,955.0725000000001
30714,2018-05-04 00:00:00,20:00,2018-05-04 20:00:00,,0.5,-4.2,-13.2,-35.04,5.0,-171.41
30714,2018-05-04 00:00:00,08:00,2018-05-04 08:00:00,9.0,0.9,-10.4,-11.0,-35.04,5.0,-171.41
30714,2018-04-04 00:00:00,20:00,2018-04-04 20:00:00,,0.7,-5.0,-10.4,-26.999999999999993,8.0,-228.42249999999984
30714,2018-04-04 00:00:00,08:00,2018-04-04 08:00:00,6.0,0.0,-9.4,-11.5,-26.999999999999993,8.0,-228.42249999999984
30714,2018-03-04 00:00:00,20:00,2018-03-04 20:00:00,,0.0,-1.3,-21.7,-130.14000000000001,29.0,-789.4475000000001
30714,2018-03-04 00:00:00,08:00,2018-03-04 08:00:00,7.0,0.0,-22.8,-24.0,-130.14000000000001,29.0,-789.4475000000001
30714,2018-02-04 00:00:00,20:00,2018-02-04 20:00:00,,0.6,-8.4,-18.1,-54.45,1.0,-77.575
30714,2018-02-04 00:00:00,08:00,2018-02-04 08:00:00,7.0,0.0,-11.4,-12.7,-54.45,1.0,-77.575
30714,2018-01-04 00:00:00,20:00,2018-01-04 20:00:00,,0.0,-9.2,-15.4,-50.88,0.0,-50.88
30714,2018-01-04 00:00:00,08:00,2018-01-04 08:00:00,9.0,6.0,-10.0,-14.4,-50.88,0.0,-50.88
30714,2018-03-31 00:00:00,20:00,2018-03-31 20:00:00,,0.0,0.4,-1.6,-1.4949999999999999,4.0,-24.7175
30714,2018-03-31 00:00:00,08:00,2018-03-31 08:00:00,9.0,0.0,-1.7,-4.3,-1.4949999999999999,4.0,-24.7175
30714,2018-03-30 00:00:00,20:00,2018-03-30 20:00:00,,0.0,4.7,-4.1,0.26500000000000146,3.0,-23.2225
30714,2018-03-30 00:00:00,08:00,2018-03-30 08:00:00,15.0,0.0,-4.6,-6.4,0.26500000000000146,3.0,-23.2225
30714,2018-03-29 00:00:00,20:00,2018-03-29 20:00:00,,0.0,3.8,-5.8,-0.5650000000000005,2.0,-23.4875
30714,2018-03-29 00:00:00,08:00,2018-03-29 08:00:00,20.0,0.0,-4.0,-5.7,-0.5650000000000005,2.0,-23.4875
30714,2018-03-28 00:00:00,20:00,2018-03-28 20:00:00,,0.0,1.7,-5.2,-16.3625,1.0,-22.9225
30714,2018-03-28 00:00:00,08:00,2018-03-28 08:00:00,21.0,0.0,-9.4,-11.0,-16.3625,1.0,-22.9225
30714,2018-03-27 00:00:00,20:00,2018-03-27 20:00:00,,1.0,-1.2,-6.3,-6.56,0.0,-6.56
30714,2018-03-27 00:00:00,08:00,2018-03-27 08:00:00,24.0,5.0,-2.9,-4.2,-6.56,0.0,-6.56
30714,2018-03-26 00:00:00,20:00,2018-03-26 20:00:00,,0.0,7.2,-1.9,1.9799999999999993,1.0,0.41999999999999926
30714,2018-03-26 00:00:00,08:00,2018-03-26 08:00:00,24.0,0.0,-6.4,-7.2,1.9799999999999993,1.0,0.41999999999999926
30714,2018-03-25 00:00:00,20:00,2018-03-25 20:00:00,,3.0,-1.5,-2.1,-1.56,0.0,-1.56
30714,2018-03-25 00:00:00,08:00,2018-03-25 08:00:00,23.0,0.0,-2.4,-3.4,-1.56,0.0,-1.56
30714,2018-03-24 00:00:00,20:00,2018-03-24 20:00:00,,0.0,4.1,-0.8,1.1549999999999996,16.0,-429.71000000000015
30714,2018-03-24 00:00:00,08:00,2018-03-24 08:00:00,28.0,0.0,-3.4,-5.1,1.1549999999999996,16.0,-429.71000000000015
30714,2018-03-23 00:00:00,20:00,2018-03-23 20:00:00,,0.0,3.1,-4.4,-12.375,15.0,-430.8650000000001
30714,2018-03-23 00:00:00,08:00,2018-03-23 08:00:00,32.0,0.0,-8.6,-10.1,-12.375,15.0,-430.8650000000001
30714,2018-03-22 00:00:00,20:00,2018-03-22 20:00:00,,0.0,2.1,-6.3,-8.7875,14.0,-418.4900000000001
30714,2018-03-22 00:00:00,08:00,2018-03-22 08:00:00,35.0,0.0,-5.8,-6.9,-8.7875,14.0,-418.4900000000001
30714,2018-03-21 00:00:00,20:00,2018-03-21 20:00:00,,0.0,1.8,-9.0,-11.9,13.0,-409.7025000000001
30714,2018-03-21 00:00:00,08:00,2018-03-21 08:00:00,38.0,1.0,-5.8,-6.9,-11.9,13.0,-409.7025000000001
30714,2018-03-20 00:00:00,20:00,2018-03-20 20:00:00,,0.0,4.5,-4.0,-12.967500000000001,12.0,-397.8025000000001
30714,2018-03-20 00:00:00,08:00,2018-03-20 08:00:00,40.0,0.0,-10.2,-10.8,-12.967500000000001,12.0,-397.8025000000001
30714,2018-03-19 00:00:00,20:00,2018-03-19 20:00:00,,0.0,1.3,-5.8,-21.945000000000004,11.0,-384.8350000000001
30714,2018-03-19 00:00:00,08:00,2018-03-19 08:00:00,42.0,0.0,-12.7,-13.3,-21.945000000000004,11.0,-384.8350000000001
30714,2018-03-18 00:00:00,20:00,2018-03-18 20:00:00,,0.0,1.2,-5.9,-27.334999999999994,10.0,-362.8900000000001
30714,2018-03-18 00:00:00,08:00,2018-03-18 08:00:00,46.0,0.0,-15.4,-16.0,-27.334999999999994,10.0,-362.8900000000001
30714,2018-03-17 00:00:00,20:00,2018-03-17 20:00:00,,0.0,-0.8,-7.0,-28.21999999999999,9.0,-335.5550000000001
30714,2018-03-17 00:00:00,08:00,2018-03-17 08:00:00,49.0,0.0,-15.8,-16.4,-28.21999999999999,9.0,-335.5550000000001
30714,2018-03-16 00:00:00,20:00,2018-03-16 20:00:00,,0.0,-0.9,-8.0,-34.23,8.0,-307.33500000000015
30714,2018-03-16 00:00:00,08:00,2018-03-16 08:00:00,50.0,0.0,-15.4,-16.7,-34.23,8.0,-307.33500000000015
30714,2018-03-15 00:00:00,20:00,2018-03-15 20:00:00,,0.0,-5.8,-15.4,-100.035,7.0,-273.10500000000013
30714,2018-03-15 00:00:00,08:00,2018-03-15 08:00:00,50.0,0.0,-29.3,-31.1,-100.035,7.0,-273.10500000000013
30714,2018-03-14 00:00:00,20:00,2018-03-14 20:00:00,,0.0,-10.2,-15.5,-74.72750000000008,6.0,-173.0700000000001
30714,2018-03-14 00:00:00,08:00,2018-03-14 08:00:00,52.0,0.0,-31.9,-33.7,-74.72750000000008,6.0,-173.0700000000001
30714,2018-03-13 00:00:00,20:00,2018-03-13 20:00:00,,0.5,-16.2,-18.1,-28.66499999999999,5.0,-98.34250000000003
30714,2018-03-13 00:00:00,08:00,2018-03-13 08:00:00,54.0,2.0,-13.2,-15.2,-28.66499999999999,5.0,-98.34250000000003
30714,2018-12-03 00:00:00,20:00,2018-12-03 20:00:00,,1.0,-6.2,-8.5,-12.300000000000004,8.0,-386.14250000000015
30714,2018-12-03 00:00:00,08:00,2018-12-03 08:00:00,48.0,0.8,-5.8,-7.6,-12.300000000000004,8.0,-386.14250000000015
30714,2018-11-03 00:00:00,20:00,2018-11-03 20:00:00,,0.0,-2.7,-5.7,-15.810000000000002,10.0,-48.30499999999992
30714,2018-11-03 00:00:00,08:00,2018-11-03 08:00:00,48.0,0.0,-9.7,-11.8,-15.810000000000002,10.0,-48.30499999999992
30714,2018-10-03 00:00:00,20:00,2018-10-03 20:00:00,,0.0,-4.2,-9.3,-40.792500000000025,5.0,-82.1975
30714,2018-10-03 00:00:00,08:00,2018-10-03 08:00:00,50.0,0.0,-21.7,-22.9,-40.792500000000025,5.0,-82.1975
30714,2018-09-03 00:00:00,20:00,2018-09-03 20:00:00,,0.3,-5.7,-10.0,-13.512499999999998,5.0,-14.244999999999935
30714,2018-09-03 00:00:00,08:00,2018-09-03 08:00:00,51.0,2.0,-5.8,-6.2,-13.512499999999998,5.0,-14.244999999999935
30714,2018-08-03 00:00:00,20:00,2018-08-03 20:00:00,,0.0,-3.5,-5.9,-17.297499999999996,1.0,-46.937499999999986
30714,2018-08-03 00:00:00,08:00,2018-08-03 08:00:00,47.0,0.0,-15.2,-16.5,-17.297499999999996,1.0,-46.937499999999986
30714,2018-07-03 00:00:00,20:00,2018-07-03 20:00:00,,0.0,-7.2,-15.3,-92.81250000000006,7.0,489.1549999999999
30714,2018-07-03 00:00:00,08:00,2018-07-03 08:00:00,48.0,0.0,-30.3,-32.1,-92.81250000000006,7.0,489.1549999999999
30714,2018-06-03 00:00:00,20:00,2018-06-03 20:00:00,,0.0,-14.6,-20.7,-86.19999999999993,9.0,975.2000000000002
30714,2018-06-03 00:00:00,08:00,2018-06-03 08:00:00,49.0,0.0,-28.5,-30.4,-86.19999999999993,9.0,975.2000000000002
30714,2018-05-03 00:00:00,20:00,2018-05-03 20:00:00,,0.0,-13.2,-21.4,-116.37499999999997,4.0,-136.37
30714,2018-05-03 00:00:00,08:00,2018-05-03 08:00:00,49.0,0.0,-34.3,-35.9,-116.37499999999997,4.0,-136.37
30714,2018-04-03 00:00:00,20:00,2018-04-03 20:00:00,,0.0,-17.6,-21.8,-72.1274999999999,7.0,-201.42249999999984
30714,2018-04-03 00:00:00,08:00,2018-04-03 08:00:00,50.0,0.0,-31.3,-33.0,-72.1274999999999,7.0,-201.42249999999984
30714,2018-03-03 00:00:00,20:00,2018-03-03 20:00:00,,0.8,-15.8,-19.2,-40.479999999999954,28.0,-659.3075000000001
30714,2018-03-03 00:00:00,08:00,2018-03-03 08:00:00,50.0,0.2,-19.4,-20.6,-40.479999999999954,28.0,-659.3075000000001
30714,2018-02-03 00:00:00,20:00,2018-02-03 20:00:00,,4.0,-14.5,-15.8,-23.125,0.0,-23.125
30714,2018-02-03 00:00:00,08:00,2018-02-03 08:00:00,47.0,0.3,-22.5,-23.7,-23.125,0.0,-23.125
30714,2018-01-03 00:00:00,20:00,2018-01-03 20:00:00,,0.5,-12.6,-13.9,-30.225000000000016,27.0,-605.5174999999999
30714,2018-01-03 00:00:00,08:00,2018-01-03 08:00:00,46.0,0.0,-26.4,-28.2,-30.225000000000016,27.0,-605.5174999999999
30714,2018-02-28 00:00:00,20:00,2018-02-28 20:00:00,,0.0,-20.0,-22.6,-51.92250000000005,25.0,-537.4175000000001
30714,2018-02-28 00:00:00,08:00,2018-02-28 08:00:00,47.0,0.2,-28.3,-30.0,-51.92250000000005,25.0,-537.4175000000001
30714,2018-02-27 00:00:00,20:00,2018-02-27 20:00:00,,0.5,-14.8,-16.8,-27.679999999999964,24.0,-485.49500000000006
30714,2018-02-27 00:00:00,08:00,2018-02-27 08:00:00,47.0,2.0,-19.8,-21.0,-27.679999999999964,24.0,-485.49500000000006
30714,2018-02-26 00:00:00,20:00,2018-02-26 20:00:00,,0.3,-10.2,-12.2,-34.674999999999976,23.0,-457.8150000000001
30714,2018-02-26 00:00:00,08:00,2018-02-26 08:00:00,46.0,0.0,-26.3,-28.1,-34.674999999999976,23.0,-457.8150000000001
30714,2018-02-25 00:00:00,20:00,2018-02-25 20:00:00,,1.0,-10.6,-11.9,-19.4375,22.0,-423.14000000000016
30714,2018-02-25 00:00:00,08:00,2018-02-25 08:00:00,45.0,0.0,-20.5,-21.7,-19.4375,22.0,-423.14000000000016
30714,2018-02-24 00:00:00,20:00,2018-02-24 20:00:00,,0.0,-7.2,-12.0,-46.054999999999986,21.0,-403.70250000000016
30714,2018-02-24 00:00:00,08:00,2018-02-24 08:00:00,45.0,0.0,-23.0,-24.3,-46.054999999999986,21.0,-403.70250000000016
30714,2018-02-23 00:00:00,20:00,2018-02-23 20:00:00,,0.0,-12.0,-12.6,-24.667500000000047,20.0,-357.64750000000015
30714,2018-02-23 00:00:00,08:00,2018-02-23 08:00:00,46.0,0.2,-30.9,-32.6,-24.667500000000047,20.0,-357.64750000000015
30714,2018-02-22 00:00:00,20:00,2018-02-22 20:00:00,,2.0,-14.2,-15.5,-12.540000000000013,19.0,-332.98000000000013
30714,2018-02-22 00:00:00,08:00,2018-02-22 08:00:00,45.0,2.0,-12.2,-12.8,-12.540000000000013,19.0,-332.98000000000013
30714,2018-02-21 00:00:00,20:00,2018-02-21 20:00:00,,0.3,-9.8,-11.5,-21.605000000000015,18.0,-320.4400000000001
30714,2018-02-21 00:00:00,08:00,2018-02-21 08:00:00,43.0,0.0,-20.0,-21.2,-21.605000000000015,18.0,-320.4400000000001
30714,2018-02-20 00:00:00,20:00,2018-02-20 20:00:00,,0.0,-11.8,-16.2,-67.42500000000003,17.0,-298.8350000000001
30714,2018-02-20 00:00:00,08:00,2018-02-20 08:00:00,44.0,0.0,-31.7,-33.5,-67.42500000000003,17.0,-298.8350000000001
30714,2018-02-19 00:00:00,20:00,2018-02-19 20:00:00,,0.0,-17.2,-19.8,-51.63750000000008,16.0,-231.41000000000008
30714,2018-02-19 00:00:00,08:00,2018-02-19 08:00:00,44.0,0.0,-28.7,-30.6,-51.63750000000008,16.0,-231.41000000000008
30714,2018-02-18 00:00:00,20:00,2018-02-18 20:00:00,,0.0,-19.1,-21.7,-53.45999999999999,15.0,-179.7725
30714,2018-02-18 00:00:00,08:00,2018-02-18 08:00:00,45.0,0.4,-29.5,-31.3,-53.45999999999999,15.0,-179.7725
30714,2018-02-17 00:00:00,20:00,2018-02-17 20:00:00,,0.4,-17.1,-18.3,-20.0625,14.0,-126.31250000000003
30714,2018-02-17 00:00:00,08:00,2018-02-17 08:00:00,44.0,0.5,-15.0,-16.3,-20.0625,14.0,-126.31250000000003
30714,2018-02-16 00:00:00,20:00,2018-02-16 20:00:00,,0.0,-7.9,-11.5,-56.985000000000035,13.0,-106.25000000000003
30714,2018-02-16 00:00:00,08:00,2018-02-16 08:00:00,44.0,0.0,-31.4,-33.6,-56.985000000000035,13.0,-106.25000000000003
30714,2018-02-15 00:00:00,20:00,2018-02-15 20:00:00,,0.3,-18.0,-19.9,-28.365000000000013,12.0,-49.265
30714,2018-02-15 00:00:00,08:00,2018-02-15 08:00:00,44.0,0.8,-18.6,-19.8,-28.365000000000013,12.0,-49.265
30714,2018-02-14 00:00:00,20:00,2018-02-14 20:00:00,,0.0,-11.6,-16.0,-72.08000000000004,11.0,-20.899999999999984
30714,2018-02-14 00:00:00,08:00,2018-02-14 08:00:00,44.0,0.0,-30.8,-33.2,-72.08000000000004,11.0,-20.899999999999984
30714,2018-02-13 00:00:00,20:00,2018-02-13 20:00:00,,0.3,-16.8,-18.7,-27.434999999999953,10.0,51.18000000000006
30714,2018-02-13 00:00:00,08:00,2018-02-13 08:00:00,44.0,1.0,-18.6,-19.8,-27.434999999999953,10.0,51.18000000000006
30714,2018-12-02 00:00:00,20:00,2018-12-02 20:00:00,,0.9,-10.2,-11.5,-17.0,7.0,-373.84250000000014
30714,2018-12-02 00:00:00,08:00,2018-12-02 08:00:00,43.0,0.0,-17.0,-18.2,-17.0,7.0,-373.84250000000014
30714,2018-11-02 00:00:00,20:00,2018-11-02 20:00:00,,0.0,-11.8,-13.1,-18.374999999999975,9.0,-32.49499999999992
30714,2018-11-02 00:00:00,08:00,2018-11-02 08:00:00,45.0,0.5,-17.6,-18.8,-18.374999999999975,9.0,-32.49499999999992
30714,2018-10-02 00:00:00,20:00,2018-10-02 20:00:00,,0.4,-13.8,-15.8,-25.039999999999996,4.0,-41.40499999999998
30714,2018-10-02 00:00:00,08:00,2018-10-02 08:00:00,45.0,1.0,-17.5,-18.7,-25.039999999999996,4.0,-41.40499999999998
30714,2018-09-02 00:00:00,20:00,2018-09-02 20:00:00,,0.9,-16.3,-18.2,-39.48749999999994,4.0,-0.7324999999999378
30714,2018-09-02 00:00:00,08:00,2018-09-02 08:00:00,43.0,2.0,-18.8,-21.4,-39.48749999999994,4.0,-0.7324999999999378
30714,2018-08-02 00:00:00,20:00,2018-08-02 20:00:00,,1.0,-15.0,-17.0,-29.639999999999986,0.0,-29.639999999999986
30714,2018-08-02 00:00:00,08:00,2018-08-02 08:00:00,41.0,4.0,-15.4,-17.3,-29.639999999999986,0.0,-29.639999999999986
30714,2018-07-02 00:00:00,20:00,2018-07-02 20:00:00,,0.0,-10.5,-15.8,-78.27999999999994,6.0,581.9675
30714,2018-07-02 00:00:00,08:00,2018-07-02 08:00:00,37.0,0.0,-30.7,-33.0,-78.27999999999994,6.0,581.9675
30714,2018-06-02 00:00:00,20:00,2018-06-02 20:00:00,,0.0,-17.4,-20.0,-51.170000000000044,8.0,1061.4
30714,2018-06-02 00:00:00,08:00,2018-06-02 08:00:00,37.0,0.0,-30.2,-31.9,-51.170000000000044,8.0,1061.4
30714,2018-05-02 00:00:00,20:00,2018-05-02 20:00:00,,0.0,-18.1,-20.0,-39.590000000000025,3.0,-19.99500000000002
30714,2018-05-02 00:00:00,08:00,2018-05-02 08:00:00,37.0,0.0,-24.7,-26.5,-39.590000000000025,3.0,-19.99500000000002
30714,2018-04-02 00:00:00,20:00,2018-04-02 20:00:00,,0.0,-18.4,-20.3,-44.30750000000003,6.0,-129.29499999999996
30714,2018-04-02 00:00:00,08:00,2018-04-02 08:00:00,37.0,0.0,-29.5,-31.3,-44.30750000000003,6.0,-129.29499999999996
30714,2018-03-02 00:00:00,20:00,2018-03-02 20:00:00,,0.0,-17.7,-19.6,-22.575000000000017,27.0,-618.8275000000002
30714,2018-03-02 00:00:00,08:00,2018-03-02 08:00:00,37.0,0.0,-25.3,-25.5,-22.575000000000017,27.0,-618.8275000000002
30714,2018-02-02 00:00:00,20:00,2018-02-02 20:00:00,,0.0,-14.6,-16.6,-37.14749999999999,20.0,-988.6199999999995
30714,2018-02-02 00:00:00,08:00,2018-02-02 08:00:00,38.0,0.0,-23.5,-25.4,-37.14749999999999,20.0,-988.6199999999995
30714,2018-01-02 00:00:00,20:00,2018-01-02 20:00:00,,0.0,-17.5,-19.4,-38.29499999999995,26.0,-575.2924999999999
30714,2018-01-02 00:00:00,08:00,2018-01-02 08:00:00,38.0,1.0,-23.9,-25.7,-38.29499999999995,26.0,-575.2924999999999
30714,2018-01-31 00:00:00,20:00,2018-01-31 20:00:00,,0.6,-15.3,-16.6,-21.25,18.0,-881.7949999999995
30714,2018-01-31 00:00:00,08:00,2018-01-31 08:00:00,37.0,0.6,-18.7,-19.9,-21.25,18.0,-881.7949999999995
30714,2018-01-30 00:00:00,20:00,2018-01-30 20:00:00,,0.0,-15.8,-17.7,-42.642499999999956,17.0,-860.5449999999995
30714,2018-01-30 00:00:00,08:00,2018-01-30 08:00:00,37.0,0.0,-30.3,-32.1,-42.642499999999956,17.0,-860.5449999999995
30714,2018-01-29 00:00:00,20:00,2018-01-29 20:00:00,,0.0,-19.5,-20.7,-33.32499999999994,16.0,-817.9024999999996
30714,2018-01-29 00:00:00,08:00,2018-01-29 08:00:00,37.0,0.0,-23.5,-25.4,-33.32499999999994,16.0,-817.9024999999996
30714,2018-01-28 00:00:00,20:00,2018-01-28 20:00:00,,0.0,-23.8,-25.6,-45.45000000000002,15.0,-784.5774999999996
30714,2018-01-28 00:00:00,08:00,2018-01-28 08:00:00,38.0,0.0,-26.7,-28.5,-45.45000000000002,15.0,-784.5774999999996
30714,2018-01-27 00:00:00,20:00,2018-01-27 20:00:00,,0.2,-24.8,-26.6,-49.85999999999993,14.0,-739.1274999999996
30714,2018-01-27 00:00:00,08:00,2018-01-27 08:00:00,37.0,0.5,-30.6,-32.4,-49.85999999999993,14.0,-739.1274999999996
30714,2018-01-26 00:00:00,20:00,2018-01-26 20:00:00,,0.4,-29.8,-32.2,-72.14499999999983,13.0,-689.2674999999997
30714,2018-01-26 00:00:00,08:00,2018-01-26 08:00:00,37.0,0.6,-31.6,-33.9,-72.14499999999983,13.0,-689.2674999999997
30714,2018-01-25 00:00:00,20:00,2018-01-25 20:00:00,,0.0,-33.1,-35.4,-80.51749999999969,12.0,-617.1224999999998
30714,2018-01-25 00:00:00,08:00,2018-01-25 08:00:00,36.0,0.0,-41.8,-43.8,-80.51749999999969,12.0,-617.1224999999998
30714,2018-01-24 00:00:00,20:00,2018-01-24 20:00:00,,0.0,-32.2,-34.6,-84.1300000000003,11.0,-536.6050000000001
30714,2018-01-24 00:00:00,08:00,2018-01-24 08:00:00,36.0,0.0,-39.4,-41.7,-84.1300000000003,11.0,-536.6050000000001
30714,2018-01-23 00:00:00,20:00,2018-01-23 20:00:00,,0.0,-29.0,-30.7,-65.8,10.0,-452.47499999999985
30714,2018-01-23 00:00:00,08:00,2018-01-23 08:00:00,37.0,0.0,-36.8,-39.1,-65.8,10.0,-452.47499999999985
30714,2018-01-22 00:00:00,20:00,2018-01-22 20:00:00,,0.0,-33.1,-35.4,-88.77999999999989,9.0,-386.67499999999984
30714,2018-01-22 00:00:00,08:00,2018-01-22 08:00:00,38.0,0.0,-44.1,-46.4,-88.77999999999989,9.0,-386.67499999999984
30714,2018-01-21 00:00:00,20:00,2018-01-21 20:00:00,,0.0,-38.0,-40.9,-103.91249999999988,8.0,-297.895
30714,2018-01-21 00:00:00,08:00,2018-01-21 08:00:00,38.0,0.0,-43.5,-45.7,-103.91249999999988,8.0,-297.895
30714,2018-01-20 00:00:00,20:00,2018-01-20 20:00:00,,0.5,-29.8,-32.2,-56.70000000000004,7.0,-193.98250000000007
30714,2018-01-20 00:00:00,08:00,2018-01-20 08:00:00,37.0,0.6,-24.2,-26.0,-56.70000000000004,7.0,-193.98250000000007
30714,2018-01-19 00:00:00,20:00,2018-01-19 20:00:00,,0.0,-20.9,-24.2,-65.66249999999992,6.0,-137.28250000000003
30714,2018-01-19 00:00:00,08:00,2018-01-19 08:00:00,35.0,0.8,-30.6,-32.4,-65.66249999999992,6.0,-137.28250000000003
30714,2018-01-18 00:00:00,20:00,2018-01-18 20:00:00,,1.0,-19.2,-20.4,-32.70499999999994,5.0,-71.6200000000001
30714,2018-01-18 00:00:00,08:00,2018-01-18 08:00:00,35.0,0.0,-23.0,-24.9,-32.70499999999994,5.0,-71.6200000000001
30714,2018-01-17 00:00:00,20:00,2018-01-17 20:00:00,,0.0,-17.3,-18.5,-22.799999999999986,4.0,-38.91500000000016
30714,2018-01-17 00:00:00,08:00,2018-01-17 08:00:00,35.0,0.0,-20.7,-21.9,-22.799999999999986,4.0,-38.91500000000016
30714,2018-01-16 00:00:00,20:00,2018-01-16 20:00:00,,0.0,-22.3,-24.2,-57.70750000000012,3.0,-16.115000000000173
30714,2018-01-16 00:00:00,08:00,2018-01-16 08:00:00,36.0,0.0,-34.0,-36.2,-57.70750000000012,3.0,-16.115000000000173
30714,2018-01-15 00:00:00,20:00,2018-01-15 20:00:00,,0.0,-24.2,-26.0,96.68999999999991,2.0,41.592499999999944
30714,2018-01-15 00:00:00,08:00,2018-01-15 08:00:00,36.0,0.0,-34.4,,96.68999999999991,2.0,41.592499999999944
30714,2018-01-14 00:00:00,20:00,2018-01-14 20:00:00,,0.0,-21.1,-22.3,-37.047499999999985,1.0,-55.09749999999997
30714,2018-01-14 00:00:00,08:00,2018-01-14 08:00:00,37.0,0.0,-30.0,-31.7,-37.047499999999985,1.0,-55.09749999999997
30714,2018-01-13 00:00:00,20:00,2018-01-13 20:00:00,,0.0,-21.9,-22.5,-18.049999999999986,0.0,-18.049999999999986
30714,2018-01-13 00:00:00,08:00,2018-01-13 08:00:00,37.0,3.0,-16.1,-17.4,-18.049999999999986,0.0,-18.049999999999986
30714,2018-12-01 00:00:00,20:00,2018-12-01 20:00:00,,0.3,-7.1,-8.4,-17.125,6.0,-356.84250000000014
30714,2018-12-01 00:00:00,08:00,2018-12-01 08:00:00,34.0,0.0,-20.3,-21.5,-17.125,6.0,-356.84250000000014
30714,2018-11-01 00:00:00,20:00,2018-11-01 20:00:00,,0.0,-17.5,-18.7,-32.699999999999925,8.0,-14.11999999999994
30714,2018-11-01 00:00:00,08:00,2018-11-01 08:00:00,35.0,0.0,-26.1,-27.9,-32.699999999999925,8.0,-14.11999999999994
30714,2018-10-01 00:00:00,20:00,2018-10-01 20:00:00,,0.0,-19.0,-20.2,-23.699999999999985,3.0,-16.364999999999984
30714,2018-10-01 00:00:00,08:00,2018-10-01 08:00:00,35.0,0.0,-20.5,-21.7,-23.699999999999985,3.0,-16.364999999999984
30714,2018-09-01 00:00:00,20:00,2018-09-01 20:00:00,,0.3,-20.2,-21.4,-16.244999999999976,3.0,38.755
30714,2018-09-01 00:00:00,08:00,2018-09-01 08:00:00,35.0,2.0,-15.9,-16.5,-16.244999999999976,3.0,38.755
30714,2018-08-01 00:00:00,20:00,2018-08-01 20:00:00,,1.0,-12.3,-12.9,-8.339999999999995,2.0,131.35999999999999
30714,2018-08-01 00:00:00,08:00,2018-08-01 08:00:00,32.0,0.3,-15.5,-16.1,-8.339999999999995,2.0,131.35999999999999
30714,2018-07-01 00:00:00,20:00,2018-07-01 20:00:00,,0.2,-21.1,-22.3,-24.000000000000057,5.0,660.2475
30714,2018-07-01 00:00:00,08:00,2018-07-01 08:00:00,31.0,0.0,-18.9,-20.1,-24.000000000000057,5.0,660.2475
30714,2018-06-01 00:00:00,20:00,2018-06-01 20:00:00,,0.0,-22.3,-24.2,-47.35999999999995,7.0,1112.5700000000002
30714,2018-06-01 00:00:00,08:00,2018-06-01 08:00:00,32.0,0.0,-28.9,-30.7,-47.35999999999995,7.0,1112.5700000000002
30714,2018-05-01 00:00:00,20:00,2018-05-01 20:00:00,,0.0,-22.3,-23.6,-39.375,2.0,19.595000000000006
30714,2018-05-01 00:00:00,08:00,2018-05-01 08:00:00,32.0,0.0,-30.2,-31.9,-39.375,2.0,19.595000000000006
30714,2018-04-01 00:00:00,20:00,2018-04-01 20:00:00,,0.0,-25.0,-26.8,-60.26999999999994,5.0,-84.98749999999994
30714,2018-04-01 00:00:00,08:00,2018-04-01 08:00:00,32.0,0.0,-32.4,-34.8,-60.26999999999994,5.0,-84.98749999999994
30714,2018-03-01 00:00:00,20:00,2018-03-01 20:00:00,,0.0,-26.4,-28.7,-58.83500000000002,26.0,-596.2525000000002
30714,2018-03-01 00:00:00,08:00,2018-03-01 08:00:00,33.0,0.0,-31.0,-32.8,-58.83500000000002,26.0,-596.2525000000002
30714,2018-02-01 00:00:00,20:00,2018-02-01 20:00:00,,0.0,-26.4,-28.2,-69.67750000000004,19.0,-951.4724999999995
30714,2018-02-01 00:00:00,08:00,2018-02-01 08:00:00,33.0,0.0,-32.9,-35.8,-69.67750000000004,19.0,-951.4724999999995
30714,2018-01-01 00:00:00,20:00,2018-01-01 20:00:00,,0.2,-25.2,-27.7,-31.387500000000014,25.0,-536.9975
30714,2018-01-01 00:00:00,08:00,2018-01-01 08:00:00,33.0,1.0,-15.3,-15.9,-31.387500000000014,25.0,-536.9975
30714,2017-12-31 00:00:00,20:00,2017-12-31 20:00:00,,0.5,-10.0,-12.8,-33.37000000000002,24.0,-505.60999999999996
30714,2017-12-31 00:00:00,08:00,2017-12-31 08:00:00,30.0,0.0,-18.4,-20.3,-33.37000000000002,24.0,-505.60999999999996
30714,2017-12-30 00:00:00,20:00,2017-12-30 20:00:00,,0.0,-21.0,-22.9,-55.44000000000003,23.0,-472.23999999999995
30714,2017-12-30 00:00:00,08:00,2017-12-30 08:00:00,31.0,0.0,-31.8,-34.1,-55.44000000000003,23.0,-472.23999999999995
30714,2017-12-29 00:00:00,20:00,2017-12-29 20:00:00,,0.0,-18.5,-20.4,-47.43749999999999,22.0,-416.7999999999999
30714,2017-12-29 00:00:00,08:00,2017-12-29 08:00:00,31.0,1.0,-9.0,-14.0,-47.43749999999999,22.0,-416.7999999999999
30714,2017-12-28 00:00:00,20:00,2017-12-28 20:00:00,,2.0,-6.2,-8.1,-14.959999999999996,21.0,-369.3624999999999
30714,2017-12-28 00:00:00,08:00,2017-12-28 08:00:00,28.0,0.0,-12.5,-13.8,-14.959999999999996,21.0,-369.3624999999999
30714,2017-12-27 00:00:00,20:00,2017-12-27 20:00:00,,0.0,-9.5,-11.1,-19.740000000000006,20.0,-354.4024999999999
30714,2017-12-27 00:00:00,08:00,2017-12-27 08:00:00,28.0,0.0,-18.7,-19.9,-19.740000000000006,20.0,-354.4024999999999
30714,2017-12-26 00:00:00,20:00,2017-12-26 20:00:00,,0.0,-19.5,-21.4,-51.49250000000005,19.0,-334.6624999999999
30714,2017-12-26 00:00:00,08:00,2017-12-26 08:00:00,28.0,0.0,-28.4,-30.8,-51.49250000000005,19.0,-334.6624999999999
30714,2017-12-25 00:00:00,20:00,2017-12-25 20:00:00,,0.0,-20.3,-22.2,-29.67999999999996,18.0,-283.16999999999985
30714,2017-12-25 00:00:00,08:00,2017-12-25 08:00:00,28.0,0.0,-16.8,-18.1,-29.67999999999996,18.0,-283.16999999999985
30714,2017-12-24 00:00:00,20:00,2017-12-24 20:00:00,,0.0,-19.0,-20.9,-36.66999999999997,17.0,-253.4899999999999
30714,2017-12-24 00:00:00,08:00,2017-12-24 08:00:00,28.0,0.0,-19.6,-21.5,-36.66999999999997,17.0,-253.4899999999999
30714,2017-12-23 00:00:00,20:00,2017-12-23 20:00:00,,0.0,-19.3,-21.2,-29.062499999999947,16.0,-216.81999999999994
30714,2017-12-23 00:00:00,08:00,2017-12-23 08:00:00,28.0,0.0,-18.2,-19.4,-29.062499999999947,16.0,-216.81999999999994
30714,2017-12-22 00:00:00,20:00,2017-12-22 20:00:00,,0.0,-15.9,-17.8,-35.42750000000002,15.0,-187.7575
30714,2017-12-22 00:00:00,08:00,2017-12-22 08:00:00,29.0,0.0,-22.4,-24.2,-35.42750000000002,15.0,-187.7575
30714,2017-12-21 00:00:00,20:00,2017-12-21 20:00:00,,0.0,-21.7,-23.5,-52.08000000000003,14.0,-152.32999999999998
30714,2017-12-21 00:00:00,08:00,2017-12-21 08:00:00,29.0,0.0,-27.9,-30.3,-52.08000000000003,14.0,-152.32999999999998
30714,2017-12-20 00:00:00,20:00,2017-12-20 20:00:00,,0.0,-20.4,-22.3,-43.01250000000003,13.0,-100.24999999999997
30714,2017-12-20 00:00:00,08:00,2017-12-20 08:00:00,29.0,0.0,-26.1,-27.9,-43.01250000000003,13.0,-100.24999999999997
30714,2017-12-19 00:00:00,20:00,2017-12-19 20:00:00,,0.0,-10.3,-10.9,-10.834999999999981,12.0,-57.23749999999994
30714,2017-12-19 00:00:00,08:00,2017-12-19 08:00:00,30.0,0.0,-9.4,-11.0,-10.834999999999981,12.0,-57.23749999999994
30714,2017-12-18 00:00:00,20:00,2017-12-18 20:00:00,,0.2,-9.8,-11.6,-22.125,11.0,-46.40249999999996
30714,2017-12-18 00:00:00,08:00,2017-12-18 08:00:00,32.0,0.2,-19.7,-20.9,-22.125,11.0,-46.40249999999996
30714,2017-12-17 00:00:00,20:00,2017-12-17 20:00:00,,1.0,-11.0,-12.3,-12.75,10.0,-24.27749999999996
30714,2017-12-17 00:00:00,08:00,2017-12-17 08:00:00,30.0,0.8,-9.4,-10.6,-12.75,10.0,-24.27749999999996
30714,2017-12-16 00:00:00,20:00,2017-12-16 20:00:00,,0.0,-9.0,-10.6,-17.32749999999999,9.0,-11.52749999999996
30714,2017-12-16 00:00:00,08:00,2017-12-16 08:00:00,29.0,0.3,-14.9,-16.2,-17.32749999999999,9.0,-11.52749999999996
30714,2017-12-15 00:00:00,20:00,2017-12-15 20:00:00,,0.5,-17.3,-17.9,-16.064999999999976,8.0,5.800000000000029
30714,2017-12-15 00:00:00,08:00,2017-12-15 08:00:00,29.0,0.8,-18.4,-19.6,-16.064999999999976,8.0,5.800000000000029
30714,2017-12-14 00:00:00,20:00,2017-12-14 20:00:00,,0.0,-17.5,-18.7,-25.019999999999914,7.0,21.865000000000006
30714,2017-12-14 00:00:00,08:00,2017-12-14 08:00:00,29.0,0.3,-24.2,-25.4,-25.019999999999914,7.0,21.865000000000006
30714,2017-12-13 00:00:00,20:00,2017-12-13 20:00:00,,0.0,-15.7,-17.0,-21.312500000000057,6.0,46.88499999999992
30714,2017-12-13 00:00:00,08:00,2017-12-13 08:00:00,30.0,0.8,-18.4,-19.6,-21.312500000000057,6.0,46.88499999999992
30714,2017-12-12 00:00:00,20:00,2017-12-12 20:00:00,,0.0,-16.0,-17.3,-29.125,5.0,68.19749999999998
30714,2017-12-12 00:00:00,08:00,2017-12-12 08:00:00,30.0,0.0,-30.6,-31.8,-29.125,5.0,68.19749999999998
30714,2017-11-12 00:00:00,20:00,2017-11-12 20:00:00,,0.0,-22.7,-23.9,-43.360000000000035,5.0,18.917499999999954
30714,2017-11-12 00:00:00,11:00,2017-11-12 11:00:00,31.0,0.0,-29.3,-31.1,-43.360000000000035,5.0,18.917499999999954
30714,2017-11-12 00:00:00,08:00,2017-11-12 08:00:00,31.0,0.0,-29.3,-31.1,-43.360000000000035,5.0,18.917499999999954
30714,2017-10-12 00:00:00,20:00,2017-10-12 20:00:00,,0.2,-18.3,-20.2,-21.65,4.0,-25.563333333333315
30714,2017-10-12 00:00:00,11:00,2017-10-12 11:00:00,32.0,2.0,-12.5,-13.8,-21.65,4.0,-25.563333333333315
30714,2017-10-12 00:00:00,08:00,2017-10-12 08:00:00,32.0,2.0,-12.5,-13.8,-21.65,4.0,-25.563333333333315
30714,2017-09-12 00:00:00,20:00,2017-09-12 20:00:00,,3.0,-10.0,-10.6,-10.559999999999997,0.0,-10.559999999999997
30714,2017-09-12 00:00:00,08:00,2017-09-12 08:00:00,27.0,2.0,-9.2,-10.8,-10.559999999999997,0.0,-10.559999999999997
30714,2017-08-12 00:00:00,20:00,2017-08-12 20:00:00,,0.0,-15.0,-16.3,-27.279999999999966,3.0,-31.949999999999974
30714,2017-08-12 00:00:00,08:00,2017-08-12 08:00:00,24.0,0.0,-19.1,-21.0,-27.279999999999966,3.0,-31.949999999999974
30714,2017-07-12 00:00:00,20:00,2017-07-12 20:00:00,,0.0,-10.3,-11.6,-22.0625,4.0,28.493333333333304
30714,2017-07-12 00:00:00,08:00,2017-07-12 08:00:00,25.0,0.0,-25.0,-26.2,-22.0625,4.0,28.493333333333304
30714,2017-06-12 00:00:00,23:00,2017-06-12 23:00:00,,0.0,-11.6,-12.2,-7.059999999999995,2.0,-18.917500000000008
30714,2017-06-12 00:00:00,20:00,2017-06-12 20:00:00,,0.0,-11.6,-12.2,-7.059999999999995,2.0,-18.917500000000008
30714,2017-06-12 00:00:00,08:00,2017-06-12 08:00:00,26.0,0.7,-12.1,-12.7,-7.059999999999995,2.0,-18.917500000000008
30714,2017-05-12 00:00:00,20:00,2017-05-12 20:00:00,,3.0,-7.1,-8.4,-8.312499999999993,0.0,-8.312499999999993
30714,2017-05-12 00:00:00,08:00,2017-05-12 08:00:00,20.0,0.0,-10.4,-11.0,-8.312499999999993,0.0,-8.312499999999993
30714,2017-04-12 00:00:00,20:00,2017-04-12 20:00:00,,0.0,-7.4,-8.7,-14.885000000000007,5.0,125.81500000000001
30714,2017-04-12 00:00:00,08:00,2017-04-12 08:00:00,21.0,0.0,-15.5,-16.8,-14.885000000000007,5.0,125.81500000000001
30714,2017-03-12 00:00:00,20:00,2017-03-12 20:00:00,,0.0,-17.5,-18.7,-26.12000000000006,3.0,-43.677500000000066
30714,2017-03-12 00:00:00,11:00,2017-03-12 11:00:00,21.0,0.0,-23.9,-25.1,-26.12000000000006,3.0,-43.677500000000066
30714,2017-03-12 00:00:00,08:00,2017-03-12 08:00:00,21.0,0.0,-23.9,-25.1,-26.12000000000006,3.0,-43.677500000000066
30714,2017-02-12 00:00:00,20:00,2017-02-12 20:00:00,,0.2,-19.4,-20.6,-17.59500000000011,3.0,-26.44250000000009
30714,2017-02-12 00:00:00,08:00,2017-02-12 08:00:00,23.0,0.4,-19.7,-20.3,-17.59500000000011,3.0,-26.44250000000009
30714,2017-01-12 00:00:00,20:00,2017-01-12 20:00:00,,2.0,-11.5,-12.1,-7.949999999999996,3.0,-13.014999999999985
30714,2017-01-12 00:00:00,08:00,2017-01-12 08:00:00,20.0,0.0,-15.0,-15.6,-7.949999999999996,3.0,-13.014999999999985
30714,2017-11-30 00:00:00,20:00,2017-11-30 20:00:00,,0.0,-19.6,-20.8,-17.504999999999974,3.0,-100.47000000000003
30714,2017-11-30 00:00:00,08:00,2017-11-30 08:00:00,21.0,1.0,-19.3,-19.9,-17.504999999999974,3.0,-100.47000000000003
30714,2017-11-29 00:00:00,20:00,2017-11-29 20:00:00,,0.4,-12.7,-13.3,-16.320000000000025,2.0,-82.96500000000006
30714,2017-11-29 00:00:00,08:00,2017-11-29 08:00:00,20.0,0.5,-25.7,-26.8,-16.320000000000025,2.0,-82.96500000000006
30714,2017-11-28 00:00:00,20:00,2017-11-28 20:00:00,,0.3,-19.7,-20.9,-29.88000000000007,1.0,-66.64500000000004
30714,2017-11-28 00:00:00,08:00,2017-11-28 08:00:00,20.0,0.4,-30.1,-31.3,-29.88000000000007,1.0,-66.64500000000004
30714,2017-11-27 00:00:00,20:00,2017-11-27 20:00:00,,0.0,-20.5,-21.7,-36.76499999999997,0.0,-36.76499999999997
30714,2017-11-27 00:00:00,08:00,2017-11-27 08:00:00,21.0,3.0,-18.2,-20.8,-36.76499999999997,0.0,-36.76499999999997
30714,2017-11-26 00:00:00,20:00,2017-11-26 20:00:00,,0.0,-3.2,-7.5,-30.387500000000017,1.0,-46.31250000000003
30714,2017-11-26 00:00:00,08:00,2017-11-26 08:00:00,19.0,0.0,-18.9,-20.1,-30.387500000000017,1.0,-46.31250000000003
30714,2017-11-25 00:00:00,20:00,2017-11-25 20:00:00,,3.0,-12.3,-13.6,-15.925000000000008,0.0,-15.925000000000008
30714,2017-11-25 00:00:00,08:00,2017-11-25 08:00:00,17.0,4.0,-12.2,-13.5,-15.925000000000008,0.0,-15.925000000000008
30714,2017-11-24 00:00:00,20:00,2017-11-24 20:00:00,,2.0,-11.0,-12.3,-10.877500000000012,17.0,-246.30000000000018
30714,2017-11-24 00:00:00,08:00,2017-11-24 08:00:00,14.0,2.0,-11.9,-12.5,-10.877500000000012,17.0,-246.30000000000018
30714,2017-11-23 00:00:00,20:00,2017-11-23 20:00:00,,0.9,-8.1,-9.5,-12.217499999999998,16.0,-235.42250000000016
30714,2017-11-23 00:00:00,08:00,2017-11-23 08:00:00,11.0,0.0,-10.0,-11.3,-12.217499999999998,16.0,-235.42250000000016
30714,2017-11-22 00:00:00,20:00,2017-11-22 20:00:00,,0.0,-8.8,-10.8,-24.277499999999993,15.0,-223.20500000000015
30714,2017-11-22 00:00:00,08:00,2017-11-22 08:00:00,12.0,0.4,-16.1,-18.0,-24.277499999999993,15.0,-223.20500000000015
30714,2017-11-21 00:00:00,20:00,2017-11-21 20:00:00,,0.0,-11.7,-13.0,-17.355000000000008,14.0,-198.92750000000015
30714,2017-11-21 00:00:00,08:00,2017-11-21 08:00:00,12.0,0.5,-15.0,-16.3,-17.355000000000008,14.0,-198.92750000000015
30714,2017-11-20 00:00:00,20:00,2017-11-20 20:00:00,,2.0,-5.8,-7.3,-15.679999999999986,13.0,-181.57250000000013
30714,2017-11-20 00:00:00,08:00,2017-11-20 08:00:00,8.0,0.0,-16.6,-17.9,-15.679999999999986,13.0,-181.57250000000013
30714,2017-11-19 00:00:00,20:00,2017-11-19 20:00:00,,0.0,-15.1,-16.4,-28.59750000000001,12.0,-165.89250000000015
30714,2017-11-19 00:00:00,08:00,2017-11-19 08:00:00,8.0,0.0,-21.8,-23.6,-28.59750000000001,12.0,-165.89250000000015
30714,2017-11-18 00:00:00,20:00,2017-11-18 20:00:00,,0.0,-12.2,-12.8,-13.365000000000006,11.0,-137.29500000000016
30714,2017-11-18 00:00:00,08:00,2017-11-18 08:00:00,9.0,0.0,-17.5,-18.7,-13.365000000000006,11.0,-137.29500000000016
30714,2017-11-17 00:00:00,20:00,2017-11-17 20:00:00,,0.0,-14.7,-15.3,-27.125000000000075,10.0,-123.93000000000016
30714,2017-11-17 00:00:00,08:00,2017-11-17 08:00:00,9.0,0.0,-28.7,-30.6,-27.125000000000075,10.0,-123.93000000000016
30714,2017-11-16 00:00:00,20:00,2017-11-16 20:00:00,,0.0,-21.4,-22.6,-23.9375,9.0,-96.80500000000009
30714,2017-11-16 00:00:00,08:00,2017-11-16 08:00:00,10.0,0.9,-16.9,-18.2,-23.9375,9.0,-96.80500000000009
30714,2017-11-15 00:00:00,20:00,2017-11-15 20:00:00,,0.7,-9.7,-11.8,-20.010000000000037,8.0,-72.86750000000009
30714,2017-11-15 00:00:00,08:00,2017-11-15 08:00:00,5.0,0.0,-25.1,-25.3,-20.010000000000037,8.0,-72.86750000000009
30714,2017-11-14 00:00:00,20:00,2017-11-14 20:00:00,,0.0,-20.0,-21.2,-36.150000000000006,7.0,-52.85750000000005
30714,2017-11-14 00:00:00,08:00,2017-11-14 08:00:00,6.0,0.0,-28.2,-30.0,-36.150000000000006,7.0,-52.85750000000005
30714,2017-11-13 00:00:00,20:00,2017-11-13 20:00:00,,0.0,-19.8,-21.0,-35.625,6.0,-16.707500000000046
30714,2017-11-13 00:00:00,08:00,2017-11-13 08:00:00,9.0,0.2,-27.7,-29.5,-35.625,6.0,-16.707500000000046
30714,2017-12-11 00:00:00,20:00,2017-12-11 20:00:00,,0.9,-17.0,-18.9,-22.837499999999977,4.0,97.32249999999998
30714,2017-12-11 00:00:00,08:00,2017-12-11 08:00:00,9.0,2.0,-9.1,-10.7,-22.837499999999977,4.0,97.32249999999998
30714,2017-11-11 00:00:00,20:00,2017-11-11 20:00:00,,1.0,-8.6,-10.1,-9.230000000000004,4.0,62.27749999999999
30714,2017-11-11 00:00:00,08:00,2017-11-11 08:00:00,4.0,0.0,-5.6,-6.7,-9.230000000000004,4.0,62.27749999999999
30714,2017-10-11 00:00:00,20:00,2017-10-11 20:00:00,,0.0,-7.6,-9.8,-23.613333333333333,3.0,-3.91333333333332
30714,2017-10-11 00:00:00,11:00,2017-10-11 11:00:00,4.0,0.0,-19.3,-20.5,-23.613333333333333,3.0,-3.91333333333332
30714,2017-10-11 00:00:00,08:00,2017-10-11 08:00:00,4.0,0.0,-19.3,-20.5,-23.613333333333333,3.0,-3.91333333333332
30714,2017-09-11 00:00:00,20:00,2017-09-11 20:00:00,,0.0,-12.6,-13.2,-10.924999999999992,2.0,-22.60749999999998
30714,2017-09-11 00:00:00,08:00,2017-09-11 08:00:00,6.0,0.5,-10.4,-11.7,-10.924999999999992,2.0,-22.60749999999998
30714,2017-08-11 00:00:00,20:00,2017-08-11 20:00:00,,2.0,-4.0,-7.0,-10.147499999999999,2.0,-4.670000000000007
30714,2017-08-11 00:00:00,08:00,2017-08-11 08:00:00,Снежный покров не постоянный.,0.0,-5.9,-7.0,-10.147499999999999,2.0,-4.670000000000007
30714,2017-07-11 00:00:00,20:00,2017-07-11 20:00:00,,0.0,-2.2,-4.5,-14.046666666666662,3.0,50.555833333333304
30714,2017-07-11 00:00:00,11:00,2017-07-11 11:00:00,Снежный покров не постоянный.,0.0,-11.8,-13.1,-14.046666666666662,3.0,50.555833333333304
30714,2017-07-11 00:00:00,08:00,2017-07-11 08:00:00,Снежный покров не постоянный.,0.0,-11.8,-13.1,-14.046666666666662,3.0,50.555833333333304
30714,2017-06-11 00:00:00,20:00,2017-06-11 20:00:00,,0.0,-8.1,-9.5,-12.352500000000012,1.0,-11.857500000000012
30714,2017-06-11 00:00:00,08:00,2017-06-11 08:00:00,3.0,0.0,-10.2,-11.5,-12.352500000000012,1.0,-11.857500000000012
30714,2017-05-11 00:00:00,20:00,2017-05-11 20:00:00,,1.0,-1.2,-1.8,-1.1249999999999993,1.0,1.9925
30714,2017-05-11 00:00:00,08:00,2017-05-11 08:00:00,,0.0,-3.8,-4.1,-1.1249999999999993,1.0,1.9925
30714,2017-04-11 00:00:00,20:00,2017-04-11 20:00:00,,0.4,2.3,1.3,-3.479999999999999,4.0,140.70000000000002
30714,2017-04-11 00:00:00,08:00,2017-04-11 08:00:00,Снежный покров не постоянный.,0.0,-8.1,-9.5,-3.479999999999999,4.0,140.70000000000002
30714,2017-03-11 00:00:00,20:00,2017-03-11 20:00:00,,0.0,-2.5,-4.5,-13.942500000000003,2.0,-17.5575
30714,2017-03-11 00:00:00,08:00,2017-03-11 08:00:00,2.0,0.0,-14.4,-15.7,-13.942500000000003,2.0,-17.5575
30714,2017-02-11 00:00:00,20:00,2017-02-11 20:00:00,,0.0,-8.2,-10.1,-18.159999999999997,2.0,-8.847499999999982
30714,2017-02-11 00:00:00,08:00,2017-02-11 08:00:00,3.0,0.0,-14.5,-15.8,-18.159999999999997,2.0,-8.847499999999982
30714,2017-01-11 00:00:00,20:00,2017-01-11 20:00:00,,0.0,-8.3,-9.8,-13.950000000000006,2.0,-5.064999999999989
30714,2017-01-11 00:00:00,08:00,2017-01-11 08:00:00,3.0,0.0,-7.2,-9.3,-13.950000000000006,2.0,-5.064999999999989
30714,2017-10-31 00:00:00,20:00,2017-10-31 20:00:00,,0.3,-5.5,-8.5,-11.730000000000002,23.0,-230.75333333333336
30714,2017-10-31 00:00:00,08:00,2017-10-31 08:00:00,5.0,2.0,-4.7,-6.3,-11.730000000000002,23.0,-230.75333333333336
30714,2017-10-30 00:00:00,20:00,2017-10-30 20:00:00,,0.0,-3.4,-5.9,-11.8,22.0,-219.02333333333337
30714,2017-10-30 00:00:00,08:00,2017-10-30 08:00:00,Снежный покров не постоянный.,0.0,-8.4,-9.9,-11.8,22.0,-219.02333333333337
30714,2017-10-29 00:00:00,20:00,2017-10-29 20:00:00,,0.0,-5.2,-8.9,-21.822500000000005,21.0,-207.22333333333336
30714,2017-10-29 00:00:00,08:00,2017-10-29 08:00:00,Менее 0.5,0.0,-15.1,-15.7,-21.822500000000005,21.0,-207.22333333333336
30714,2017-10-28 00:00:00,20:00,2017-10-28 20:00:00,,0.0,-5.7,-7.9,-11.3,20.0,-185.40083333333334
30714,2017-10-28 00:00:00,08:00,2017-10-28 08:00:00,3.0,0.0,-5.6,-7.4,-11.3,20.0,-185.40083333333334
30714,2017-10-27 00:00:00,20:00,2017-10-27 20:00:00,,0.0,-4.6,-9.8,-21.77500000000001,19.0,-174.10083333333333
30714,2017-10-27 00:00:00,08:00,2017-10-27 08:00:00,6.0,0.5,-8.4,-9.9,-21.77500000000001,19.0,-174.10083333333333
30714,2017-10-26 00:00:00,20:00,2017-10-26 20:00:00,,2.0,-4.5,-5.1,-3.76,18.0,-152.32583333333332
30714,2017-10-26 00:00:00,08:00,2017-10-26 08:00:00,,0.0,1.3,-2.8,-3.76,18.0,-152.32583333333332
30714,2017-10-25 00:00:00,20:00,2017-10-25 20:00:00,,0.0,-1.7,-5.0,-11.375,17.0,-148.56583333333333
30714,2017-10-25 00:00:00,08:00,2017-10-25 08:00:00,,0.0,-7.4,-9.1,-11.375,17.0,-148.56583333333333
30714,2017-10-24 00:00:00,20:00,2017-10-24 20:00:00,,0.0,-3.1,-4.8,-3.9599999999999995,16.0,-137.19083333333333
30714,2017-10-24 00:00:00,08:00,2017-10-24 08:00:00,Менее 0.5,0.6,-0.2,-3.3,-3.9599999999999995,16.0,-137.19083333333333
30714,2017-10-23 00:00:00,20:00,2017-10-23 20:00:00,,0.0,5.3,0.4,-2.1124999999999994,15.0,-133.23083333333332
30714,2017-10-23 00:00:00,08:00,2017-10-23 08:00:00,,0.0,-6.6,-8.2,-2.1124999999999994,15.0,-133.23083333333332
30714,2017-10-22 00:00:00,20:00,2017-10-22 20:00:00,,0.0,0.1,-2.3,-6.382500000000002,14.0,-131.1183333333333
30714,2017-10-22 00:00:00,08:00,2017-10-22 08:00:00,,0.0,-7.0,-8.3,-6.382500000000002,14.0,-131.1183333333333
30714,2017-10-21 00:00:00,20:00,2017-10-21 20:00:00,,0.0,-2.1,-6.6,-8.924999999999999,13.0,-124.7358333333333
30714,2017-10-21 00:00:00,08:00,2017-10-21 08:00:00,,0.0,-4.9,-5.5,-8.924999999999999,13.0,-124.7358333333333
30714,2017-10-20 00:00:00,20:00,2017-10-20 20:00:00,,0.0,-1.0,-3.2,-7.700000000000002,12.0,-115.8108333333333
30714,2017-10-20 00:00:00,08:00,2017-10-20 08:00:00,,0.0,-10.0,-10.6,-7.700000000000002,12.0,-115.8108333333333
30714,2017-10-19 00:00:00,20:00,2017-10-19 20:00:00,,0.0,-2.6,-3.9,-8.41,11.0,-108.1108333333333
30714,2017-10-19 00:00:00,08:00,2017-10-19 08:00:00,,0.0,-9.0,-10.6,-8.41,11.0,-108.1108333333333
30714,2017-10-18 00:00:00,20:00,2017-10-18 20:00:00,,0.0,-1.8,-2.7,-2.1449999999999996,10.0,-99.7008333333333
30714,2017-10-18 00:00:00,08:00,2017-10-18 08:00:00,,0.0,-2.1,-3.4,-2.1449999999999996,10.0,-99.7008333333333
30714,2017-10-17 00:00:00,20:00,2017-10-17 20:00:00,,0.0,2.3,-1.7,-3.250000000000001,9.0,-97.55583333333331
30714,2017-10-17 00:00:00,08:00,2017-10-17 08:00:00,,0.0,-4.9,-5.9,-3.250000000000001,9.0,-97.55583333333331
30714,2017-10-16 00:00:00,20:00,2017-10-16 20:00:00,,0.0,-2.8,-7.3,-24.360000000000003,8.0,-94.30583333333331
30714,2017-10-16 00:00:00,08:00,2017-10-16 08:00:00,,0.0,-14.0,-15.3,-24.360000000000003,8.0,-94.30583333333331
30714,2017-10-15 00:00:00,20:00,2017-10-15 20:00:00,,0.0,-4.6,-8.5,-23.962500000000016,7.0,-69.94583333333331
30714,2017-10-15 00:00:00,08:00,2017-10-15 08:00:00,,0.0,-16.7,-17.3,-23.962500000000016,7.0,-69.94583333333331
30714,2017-10-14 00:00:00,20:00,2017-10-14 20:00:00,,0.0,-5.2,-6.2,-8.23999999999999,6.0,-45.9833333333333
30714,2017-10-14 00:00:00,08:00,2017-10-14 08:00:00,,0.0,-15.4,-16.0,-8.23999999999999,6.0,-45.9833333333333
30714,2017-10-13 00:00:00,20:00,2017-10-13 20:00:00,,0.0,-3.6,-8.4,-12.179999999999998,5.0,-37.74333333333331
30714,2017-10-13 00:00:00,08:00,2017-10-13 08:00:00,2.0,1.0,-4.8,-5.8,-12.179999999999998,5.0,-37.74333333333331
30714,2017-12-10 00:00:00,20:00,2017-12-10 20:00:00,,0.0,1.0,-1.6,-6.104999999999999,3.0,120.15999999999995
30714,2017-12-10 00:00:00,08:00,2017-12-10 08:00:00,,0.0,-8.4,-9.1,-6.104999999999999,3.0,120.15999999999995
30714,2017-11-10 00:00:00,20:00,2017-11-10 20:00:00,,0.0,-2.8,-9.0,-23.96999999999999,3.0,71.5075
30714,2017-11-10 00:00:00,08:00,2017-11-10 08:00:00,,0.0,-11.3,-11.9,-23.96999999999999,3.0,71.5075
30714,2017-10-10 00:00:00,20:00,2017-10-10 20:00:00,,0.0,-3.8,-6.3,-14.440000000000001,2.0,19.700000000000014
30714,2017-10-10 00:00:00,08:00,2017-10-10 08:00:00,,0.0,-11.4,-12.7,-14.440000000000001,2.0,19.700000000000014
30714,2017-09-10 00:00:00,20:00,2017-09-10 20:00:00,,0.0,-3.5,-7.1,-15.682499999999994,1.0,-11.68249999999999
30714,2017-09-10 00:00:00,08:00,2017-09-10 08:00:00,,0.0,-8.8,-10.3,-15.682499999999994,1.0,-11.68249999999999
30714,2017-08-10 00:00:00,20:00,2017-08-10 20:00:00,,1.0,-0.8,-5.0,-4.1325,1.0,5.477499999999992
30714,2017-08-10 00:00:00,08:00,2017-08-10 08:00:00,1.0,0.5,-2.1,-3.6,-4.1325,1.0,5.477499999999992
30714,2017-07-10 00:00:00,20:00,2017-07-10 20:00:00,,0.8,-0.4,-4.2,-1.375,2.0,64.60249999999996
30714,2017-07-10 00:00:00,08:00,2017-07-10 08:00:00,1.0,0.5,-0.7,-1.9,-1.375,2.0,64.60249999999996
30714,2017-06-10 00:00:00,20:00,2017-06-10 20:00:00,,2.0,0.6,-0.8,0.495,0.0,0.495
30714,2017-06-10 00:00:00,08:00,2017-06-10 08:00:00,,4.0,0.3,-0.5,0.495,0.0,0.495
30714,2017-05-10 00:00:00,20:00,2017-05-10 20:00:00,,7.0,3.1,1.6,3.1174999999999993,0.0,3.1174999999999993
30714,2017-05-10 00:00:00,08:00,2017-05-10 08:00:00,,0.0,1.2,-0.2,3.1174999999999993,0.0,3.1174999999999993
30714,2017-04-10 00:00:00,20:00,2017-04-10 20:00:00,,0.0,9.9,0.0,14.175,3.0,144.18
30714,2017-04-10 00:00:00,08:00,2017-04-10 08:00:00,,0.0,-4.5,-5.1,14.175,3.0,144.18
30714,2017-03-10 00:00:00,20:00,2017-03-10 20:00:00,,0.0,-0.7,-5.6,-10.327499999999999,1.0,-3.6149999999999993
30714,2017-03-10 00:00:00,08:00,2017-03-10 08:00:00,,0.0,-7.4,-7.6,-10.327499999999999,1.0,-3.6149999999999993
30714,2017-02-10 00:00:00,20:00,2017-02-10 20:00:00,,0.0,-1.5,-4.4,-5.267499999999999,1.0,9.312500000000014
30714,2017-02-10 00:00:00,08:00,2017-02-10 08:00:00,,0.0,-2.8,-4.8,-5.267499999999999,1.0,9.312500000000014
30714,2017-01-10 00:00:00,20:00,2017-01-10 20:00:00,,0.0,-1.0,-2.8,-1.74,1.0,8.885000000000018
30714,2017-01-10 00:00:00,08:00,2017-01-10 08:00:00,,0.0,-1.9,-2.5,-1.74,1.0,8.885000000000018
30714,2017-09-30 00:00:00,20:00,2017-09-30 20:00:00,,0.0,-0.4,-1.3,0.057499999999999996,0.0,0.057499999999999996
30714,2017-09-30 00:00:00,08:00,2017-09-30 08:00:00,2.0,7.0,0.5,-0.9,0.057499999999999996,0.0,0.057499999999999996
30714,2017-09-29 00:00:00,20:00,2017-09-29 20:00:00,,0.0,5.2,-2.3,-1.5050000000000006,5.0,-8.497499999999999
30714,2017-09-29 00:00:00,08:00,2017-09-29 08:00:00,,0.0,-5.9,-7.0,-1.5050000000000006,5.0,-8.497499999999999
30714,2017-09-28 00:00:00,20:00,2017-09-28 20:00:00,,0.0,-0.6,-5.1,-4.494999999999999,4.0,-6.992499999999998
30714,2017-09-28 00:00:00,08:00,2017-09-28 08:00:00,,0.0,-2.5,-3.8,-4.494999999999999,4.0,-6.992499999999998
30714,2017-09-27 00:00:00,20:00,2017-09-27 20:00:00,,0.0,-2.6,-6.8,-7.699999999999998,3.0,-2.4974999999999987
30714,2017-09-27 00:00:00,08:00,2017-09-27 08:00:00,2.0,2.0,-1.8,-4.6,-7.699999999999998,3.0,-2.4974999999999987
30714,2017-09-26 00:00:00,20:00,2017-09-26 20:00:00,,0.7,0.7,-2.6,-0.24000000000000007,2.0,5.2025
30714,2017-09-26 00:00:00,08:00,2017-09-26 08:00:00,,0.4,-0.9,-2.4,-0.24000000000000007,2.0,5.2025
30714,2017-09-25 00:00:00,20:00,2017-09-25 20:00:00,,0.5,2.2,0.0,2.97,1.0,5.4425
30714,2017-09-25 00:00:00,08:00,2017-09-25 08:00:00,,0.6,1.1,-0.3,2.97,1.0,5.4425
30714,2017-09-24 00:00:00,20:00,2017-09-24 20:00:00,,5.0,4.0,2.5,2.4724999999999997,0.0,2.4724999999999997
30714,2017-09-24 00:00:00,08:00,2017-09-24 08:00:00,,0.0,0.3,-0.5,2.4724999999999997,0.0,2.4724999999999997
30714,2017-09-23 00:00:00,20:00,2017-09-23 20:00:00,,0.7,3.6,2.6,5.4674999999999985,0.0,5.4674999999999985
30714,2017-09-23 00:00:00,08:00,2017-09-23 08:00:00,,6.0,4.5,2.8,5.4674999999999985,0.0,5.4674999999999985
30714,2017-09-22 00:00:00,20:00,2017-09-22 20:00:00,,0.4,7.6,4.9,4.207499999999999,2.0,31.27500000000001
30714,2017-09-22 00:00:00,08:00,2017-09-22 08:00:00,,0.0,-2.5,-3.1,4.207499999999999,2.0,31.27500000000001
30714,2017-09-21 00:00:00,20:00,2017-09-21 20:00:00,,1.0,3.7,2.2,4.8950000000000005,1.0,27.06750000000001
30714,2017-09-21 00:00:00,08:00,2017-09-21 08:00:00,,2.0,5.2,4.5,4.8950000000000005,1.0,27.06750000000001
30714,2017-09-20 00:00:00,20:00,2017-09-20 20:00:00,,7.0,7.6,6.1,22.17250000000001,0.0,22.17250000000001
30714,2017-09-20 00:00:00,08:00,2017-09-20 08:00:00,,0.0,10.5,7.1,22.17250000000001,0.0,22.17250000000001
30714,2017-09-19 00:00:00,20:00,2017-09-19 20:00:00,,0.0,17.3,6.4,49.85500000000001,4.0,131.6475
30714,2017-09-19 00:00:00,08:00,2017-09-19 08:00:00,,0.0,-0.4,-1.3,49.85500000000001,4.0,131.6475
30714,2017-09-18 00:00:00,20:00,2017-09-18 20:00:00,,0.0,10.0,6.6,15.754999999999997,3.0,81.7925
30714,2017-09-18 00:00:00,08:00,2017-09-18 08:00:00,,2.0,3.7,2.5,15.754999999999997,3.0,81.7925
30714,2017-09-17 00:00:00,20:00,2017-09-17 20:00:00,,0.6,11.5,,35.1075,2.0,66.03750000000001
30714,2017-09-17 00:00:00,08:00,2017-09-17 08:00:00,,0.0,3.6,2.9,35.1075,2.0,66.03750000000001
30714,2017-09-16 00:00:00,20:00,2017-09-16 20:00:00,,0.0,12.5,7.8,17.290000000000003,1.0,30.930000000000007
30714,2017-09-16 00:00:00,08:00,2017-09-16 08:00:00,,0.0,0.8,0.3,17.290000000000003,1.0,30.930000000000007
30714,2017-09-15 00:00:00,20:00,2017-09-15 20:00:00,,0.0,8.3,4.9,13.640000000000002,0.0,13.640000000000002
30714,2017-09-15 00:00:00,08:00,2017-09-15 08:00:00,,14.0,4.1,3.1,13.640000000000002,0.0,13.640000000000002
30714,2017-09-14 00:00:00,20:00,2017-09-14 20:00:00,,0.0,11.7,5.5,27.254999999999992,2.0,54.49499999999999
30714,2017-09-14 00:00:00,08:00,2017-09-14 08:00:00,,0.0,4.1,3.4,27.254999999999992,2.0,54.49499999999999
30714,2017-09-13 00:00:00,20:00,2017-09-13 20:00:00,,0.0,17.7,11.5,37.8,1.0,27.240000000000002
30714,2017-09-13 00:00:00,08:00,2017-09-13 08:00:00,,0.0,3.3,2.3,37.8,1.0,27.240000000000002
30714,2017-12-09 00:00:00,20:00,2017-12-09 20:00:00,,0.0,14.0,10.2,16.33,2.0,126.26499999999996
30714,2017-12-09 00:00:00,08:00,2017-12-09 08:00:00,,0.0,0.2,-0.6,16.33,2.0,126.26499999999996
30714,2017-11-09 00:00:00,20:00,2017-11-09 20:00:00,,0.0,11.6,7.2,9.9,2.0,95.47749999999999
30714,2017-11-09 00:00:00,08:00,2017-11-09 08:00:00,,0.0,-2.6,-2.6,9.9,2.0,95.47749999999999
30714,2017-10-09 00:00:00,20:00,2017-10-09 20:00:00,,0.0,9.6,3.4,15.797500000000001,1.0,34.140000000000015
30714,2017-10-09 00:00:00,08:00,2017-10-09 08:00:00,,0.0,-0.7,-1.6,15.797500000000001,1.0,34.140000000000015
30714,2017-09-09 00:00:00,20:00,2017-09-09 20:00:00,,0.0,5.4,4.3,4.0000000000000036,0.0,4.0000000000000036
30714,2017-09-09 00:00:00,08:00,2017-09-09 08:00:00,,14.0,4.6,4.1,4.0000000000000036,0.0,4.0000000000000036
30714,2017-08-09 00:00:00,20:00,2017-08-09 20:00:00,,9.0,12.2,10.9,9.609999999999992,0.0,9.609999999999992
30714,2017-08-09 00:00:00,08:00,2017-08-09 08:00:00,,0.0,0.2,-1.6,9.609999999999992,0.0,9.609999999999992
30714,2017-07-09 00:00:00,20:00,2017-07-09 20:00:00,,0.0,10.4,7.5,11.377500000000003,1.0,65.97749999999996
30714,2017-07-09 00:00:00,08:00,2017-07-09 08:00:00,,0.0,1.9,1.1,11.377500000000003,1.0,65.97749999999996
30714,2017-06-09 00:00:00,20:00,2017-06-09 20:00:00,,7.0,7.0,5.9,5.695000000000004,0.0,5.695000000000004
30714,2017-06-09 00:00:00,08:00,2017-06-09 08:00:00,,0.0,6.4,5.8,5.695000000000004,0.0,5.695000000000004
30714,2017-05-09 00:00:00,20:00,2017-05-09 20:00:00,,1.0,3.1,2.3,4.150000000000002,6.0,126.79500000000009
30714,2017-05-09 00:00:00,08:00,2017-05-09 08:00:00,,0.0,5.2,4.0,4.150000000000002,6.0,126.79500000000009
30714,2017-04-09 00:00:00,20:00,2017-04-09 20:00:00,,0.0,12.9,9.2,15.1875,2.0,130.005
30714,2017-04-09 00:00:00,08:00,2017-04-09 08:00:00,,0.0,0.6,-0.2,15.1875,2.0,130.005
30714,2017-03-09 00:00:00,20:00,2017-03-09 20:00:00,,7.0,7.2,6.3,6.7124999999999995,0.0,6.7124999999999995
30714,2017-03-09 00:00:00,08:00,2017-03-09 08:00:00,,4.0,10.7,10.1,6.7124999999999995,0.0,6.7124999999999995
30714,2017-02-09 00:00:00,20:00,2017-02-09 20:00:00,,0.0,13.9,11.9,14.580000000000013,0.0,14.580000000000013
30714,2017-02-09 00:00:00,08:00,2017-02-09 08:00:00,,22.0,10.4,10.0,14.580000000000013,0.0,14.580000000000013
30714,2017-01-09 00:00:00,20:00,2017-01-09 20:00:00,,8.0,14.8,14.1,10.625000000000018,0.0,10.625000000000018
30714,2017-01-09 00:00:00,08:00,2017-01-09 08:00:00,,0.0,10.2,9.2,10.625000000000018,0.0,10.625000000000018
30714,2017-08-31 00:00:00,23:00,2017-08-31 23:00:00,,0.0,16.8,11.1,51.25333333333333,5.0,110.96388888888887
30714,2017-08-31 00:00:00,20:00,2017-08-31 20:00:00,,0.0,16.8,11.1,51.25333333333333,5.0,110.96388888888887
30714,2017-08-31 00:00:00,08:00,2017-08-31 08:00:00,,0.0,3.6,2.6,51.25333333333333,5.0,110.96388888888887
30714,2017-08-30 00:00:00,20:00,2017-08-30 20:00:00,,0.0,15.6,12.7,17.5,4.0,59.710555555555544
30714,2017-08-30 00:00:00,08:00,2017-08-30 08:00:00,,0.0,1.9,0.8,17.5,4.0,59.710555555555544
30714,2017-08-29 00:00:00,20:00,2017-08-29 20:00:00,,0.0,14.3,10.1,10.815555555555557,3.0,42.210555555555544
30714,2017-08-29 00:00:00,11:00,2017-08-29 11:00:00,,0.0,0.7,-0.3,10.815555555555557,3.0,42.210555555555544
30714,2017-08-29 00:00:00,08:00,2017-08-29 08:00:00,,0.0,0.7,-0.3,10.815555555555557,3.0,42.210555555555544
30714,2017-08-28 00:00:00,20:00,2017-08-28 20:00:00,,0.0,12.1,7.6,15.929999999999996,2.0,31.39499999999999
30714,2017-08-28 00:00:00,08:00,2017-08-28 08:00:00,,0.0,-0.3,-1.2,15.929999999999996,2.0,31.39499999999999
30714,2017-08-27 00:00:00,20:00,2017-08-27 20:00:00,,0.9,6.3,4.0,8.414999999999997,1.0,15.464999999999991
30714,2017-08-27 00:00:00,08:00,2017-08-27 08:00:00,,2.0,3.9,2.9,8.414999999999997,1.0,15.464999999999991
30714,2017-08-26 00:00:00,20:00,2017-08-26 20:00:00,,7.0,7.8,6.7,7.049999999999994,0.0,7.049999999999994
30714,2017-08-26 00:00:00,08:00,2017-08-26 08:00:00,,8.0,6.3,5.4,7.049999999999994,0.0,7.049999999999994
30714,2017-08-25 00:00:00,20:00,2017-08-25 20:00:00,,7.0,11.0,9.6,10.1,0.0,10.1
30714,2017-08-25 00:00:00,08:00,2017-08-25 08:00:00,,3.0,9.2,8.6,10.1,0.0,10.1
30714,2017-08-24 00:00:00,20:00,2017-08-24 20:00:00,,6.0,11.2,8.4,17.93999999999999,0.0,17.93999999999999
30714,2017-08-24 00:00:00,08:00,2017-08-24 08:00:00,,0.4,7.2,6.1,17.93999999999999,0.0,17.93999999999999
30714,2017-08-23 00:00:00,20:00,2017-08-23 20:00:00,,2.0,13.4,5.6,41.4,1.0,53.14999999999998
30714,2017-08-23 00:00:00,08:00,2017-08-23 08:00:00,,0.0,5.0,3.8,41.4,1.0,53.14999999999998
30714,2017-08-22 00:00:00,20:00,2017-08-22 20:00:00,,2.0,10.2,9.0,11.749999999999982,0.0,11.749999999999982
30714,2017-08-22 00:00:00,08:00,2017-08-22 08:00:00,,3.0,8.6,7.3,11.749999999999982,0.0,11.749999999999982
30714,2017-08-21 00:00:00,20:00,2017-08-21 20:00:00,,2.0,11.8,10.2,15.960000000000004,0.0,15.960000000000004
30714,2017-08-21 00:00:00,08:00,2017-08-21 08:00:00,,5.0,11.0,9.8,15.960000000000004,0.0,15.960000000000004
30714,2017-08-20 00:00:00,20:00,2017-08-20 20:00:00,,0.7,13.3,12.0,9.477499999999996,2.0,54.715
30714,2017-08-20 00:00:00,08:00,2017-08-20 08:00:00,,0.0,9.0,8.6,9.477499999999996,2.0,54.715
30714,2017-08-19 00:00:00,20:00,2017-08-19 20:00:00,,0.0,15.4,12.5,23.537499999999998,1.0,45.23750000000001
30714,2017-08-19 00:00:00,08:00,2017-08-19 08:00:00,,0.0,11.5,10.9,23.537499999999998,1.0,45.23750000000001
30714,2017-08-18 00:00:00,20:00,2017-08-18 20:00:00,,0.0,15.8,13.1,21.70000000000001,0.0,21.70000000000001
30714,2017-08-18 00:00:00,08:00,2017-08-18 08:00:00,,7.0,12.2,11.8,21.70000000000001,0.0,21.70000000000001
30714,2017-08-17 00:00:00,20:00,2017-08-17 20:00:00,,0.0,16.3,14.9,23.017500000000013,1.0,47.60500000000002
30714,2017-08-17 00:00:00,08:00,2017-08-17 08:00:00,,0.0,13.4,11.7,23.017500000000013,1.0,47.60500000000002
30714,2017-08-16 00:00:00,20:00,2017-08-16 20:00:00,,0.0,15.9,13.2,24.587500000000002,0.0,24.587500000000002
30714,2017-08-16 00:00:00,08:00,2017-08-16 08:00:00,,12.0,12.2,11.4,24.587500000000002,0.0,24.587500000000002
30714,2017-08-15 00:00:00,20:00,2017-08-15 20:00:00,,2.0,13.5,12.2,11.589999999999991,1.0,32.29750000000002
30714,2017-08-15 00:00:00,08:00,2017-08-15 08:00:00,,2.0,10.9,10.3,11.589999999999991,1.0,32.29750000000002
30714,2017-08-14 00:00:00,20:00,2017-08-14 20:00:00,,8.0,12.1,11.1,20.707500000000028,0.0,20.707500000000028
30714,2017-08-14 00:00:00,08:00,2017-08-14 08:00:00,,2.0,13.0,10.7,20.707500000000028,0.0,20.707500000000028
30714,2017-08-13 00:00:00,20:00,2017-08-13 20:00:00,,0.0,21.9,19.1,38.36249999999993,4.0,6.412499999999959
30714,2017-08-13 00:00:00,08:00,2017-08-13 08:00:00,,0.0,12.2,10.5,38.36249999999993,4.0,6.412499999999959
30714,2017-12-08 00:00:00,20:00,2017-12-08 20:00:00,,0.0,23.7,15.0,85.59749999999998,1.0,109.93499999999996
30714,2017-12-08 00:00:00,08:00,2017-12-08 08:00:00,,0.0,10.2,8.8,85.59749999999998,1.0,109.93499999999996
30714,2017-11-08 00:00:00,20:00,2017-11-08 20:00:00,,0.0,21.7,15.2,56.619999999999976,1.0,85.57749999999999
30714,2017-11-08 00:00:00,08:00,2017-11-08 08:00:00,,0.0,8.1,7.0,56.619999999999976,1.0,85.57749999999999
30714,2017-10-08 00:00:00,20:00,2017-10-08 20:00:00,,0.0,15.4,13.3,18.342500000000015,0.0,18.342500000000015
30714,2017-10-08 00:00:00,08:00,2017-10-08 08:00:00,,18.0,9.9,9.1,18.342500000000015,0.0,18.342500000000015
30714,2017-09-08 00:00:00,20:00,2017-09-08 20:00:00,,35.0,11.6,10.4,13.597499999999986,0.0,13.597499999999986
30714,2017-09-08 00:00:00,08:00,2017-09-08 08:00:00,,0.5,14.3,13.4,13.597499999999986,0.0,13.597499999999986
30714,2017-08-08 00:00:00,20:00,2017-08-08 20:00:00,,0.0,23.5,16.3,79.05000000000001,3.0,370.55250000000007
30714,2017-08-08 00:00:00,08:00,2017-08-08 08:00:00,,0.0,13.7,12.4,79.05000000000001,3.0,370.55250000000007
30714,2017-07-08 00:00:00,20:00,2017-07-08 20:00:00,,2.0,22.7,17.6,54.599999999999966,0.0,54.599999999999966
30714,2017-07-08 00:00:00,08:00,2017-07-08 08:00:00,,3.0,13.7,12.8,54.599999999999966,0.0,54.599999999999966
30714,2017-06-08 00:00:00,20:00,2017-06-08 20:00:00,,5.0,21.3,18.1,32.79999999999997,0.0,32.79999999999997
30714,2017-06-08 00:00:00,08:00,2017-06-08 08:00:00,,0.0,11.5,10.7,32.79999999999997,0.0,32.79999999999997
30714,2017-05-08 00:00:00,20:00,2017-05-08 20:00:00,,0.1,18.7,16.4,28.08000000000001,5.0,122.64500000000008
30714,2017-05-08 00:00:00,08:00,2017-05-08 08:00:00,,0.0,12.5,11.2,28.08000000000001,5.0,122.64500000000008
30714,2017-04-08 00:00:00,20:00,2017-04-08 20:00:00,,0.0,24.0,17.5,97.96999999999998,1.0,114.8175
30714,2017-04-08 00:00:00,08:00,2017-04-08 08:00:00,,0.0,16.4,13.2,97.96999999999998,1.0,114.8175
30714,2017-03-08 00:00:00,20:00,2017-03-08 20:00:00,,2.0,19.2,16.9,24.75,1.0,38.65499999999998
30714,2017-03-08 00:00:00,08:00,2017-03-08 08:00:00,,0.0,13.8,13.1,24.75,1.0,38.65499999999998
30714,2017-02-08 00:00:00,20:00,2017-02-08 20:00:00,,3.0,19.6,18.0,19.090000000000035,0.0,19.090000000000035
30714,2017-02-08 00:00:00,08:00,2017-02-08 08:00:00,,0.0,13.6,12.9,19.090000000000035,0.0,19.090000000000035
30714,2017-01-08 00:00:00,20:00,2017-01-08 20:00:00,,0.5,19.5,17.5,49.58999999999996,2.0,156.28500000000003
30714,2017-01-08 00:00:00,08:00,2017-01-08 08:00:00,,0.6,15.3,11.6,49.58999999999996,2.0,156.28500000000003
30714,2017-07-31 00:00:00,20:00,2017-07-31 20:00:00,,0.0,20.2,16.4,39.71499999999999,1.0,67.76499999999999
30714,2017-07-31 00:00:00,08:00,2017-07-31 08:00:00,,0.3,13.6,12.7,39.71499999999999,1.0,67.76499999999999
30714,2017-07-30 00:00:00,20:00,2017-07-30 20:00:00,,3.0,17.1,15.0,28.04999999999999,0.0,28.04999999999999
30714,2017-07-30 00:00:00,08:00,2017-07-30 08:00:00,,0.0,15.9,14.6,28.04999999999999,0.0,28.04999999999999
30714,2017-07-29 00:00:00,20:00,2017-07-29 20:00:00,,0.0,24.1,17.4,86.10750000000006,2.0,166.7325
30714,2017-07-29 00:00:00,08:00,2017-07-29 08:00:00,,0.0,14.6,12.4,86.10750000000006,2.0,166.7325
30714,2017-07-28 00:00:00,20:00,2017-07-28 20:00:00,,0.1,23.0,18.7,50.74749999999997,1.0,80.62499999999993
30714,2017-07-28 00:00:00,08:00,2017-07-28 08:00:00,,0.7,15.3,14.3,50.74749999999997,1.0,80.62499999999993
30714,2017-07-27 00:00:00,20:00,2017-07-27 20:00:00,,3.0,20.4,18.0,29.877499999999962,0.0,29.877499999999962
30714,2017-07-27 00:00:00,08:00,2017-07-27 08:00:00,,0.0,11.9,10.6,29.877499999999962,0.0,29.877499999999962
30714,2017-07-26 00:00:00,20:00,2017-07-26 20:00:00,,0.4,19.0,15.8,35.99999999999998,1.0,73.92000000000002
30714,2017-07-26 00:00:00,08:00,2017-07-26 08:00:00,,0.0,11.0,9.4,35.99999999999998,1.0,73.92000000000002
30714,2017-07-25 00:00:00,20:00,2017-07-25 20:00:00,,5.0,18.8,14.7,37.92000000000004,0.0,37.92000000000004
30714,2017-07-25 00:00:00,08:00,2017-07-25 08:00:00,,12.0,12.8,12.1,37.92000000000004,0.0,37.92000000000004
30714,2017-07-24 00:00:00,20:00,2017-07-24 20:00:00,,6.0,14.9,14.0,9.787500000000001,0.0,9.787500000000001
30714,2017-07-24 00:00:00,08:00,2017-07-24 08:00:00,,0.5,11.2,10.6,9.787500000000001,0.0,9.787500000000001
30714,2017-07-23 00:00:00,20:00,2017-07-23 20:00:00,,3.0,17.3,16.1,17.307500000000005,0.0,17.307500000000005
30714,2017-07-23 00:00:00,08:00,2017-07-23 08:00:00,,0.0,12.8,11.7,17.307500000000005,0.0,17.307500000000005
30714,2017-07-22 00:00:00,20:00,2017-07-22 20:00:00,,0.0,18.8,15.1,48.150000000000006,1.0,66.93499999999999
30714,2017-07-22 00:00:00,08:00,2017-07-22 08:00:00,,0.6,13.3,11.0,48.150000000000006,1.0,66.93499999999999
30714,2017-07-21 00:00:00,20:00,2017-07-21 20:00:00,,3.0,16.2,14.5,18.784999999999982,0.0,18.784999999999982
30714,2017-07-21 00:00:00,08:00,2017-07-21 08:00:00,,4.0,12.7,11.8,18.784999999999982,0.0,18.784999999999982
30714,2017-07-20 00:00:00,20:00,2017-07-20 20:00:00,,6.0,16.2,15.0,14.96250000000001,0.0,14.96250000000001
30714,2017-07-20 00:00:00,08:00,2017-07-20 08:00:00,,0.0,12.3,11.4,14.96250000000001,0.0,14.96250000000001
30714,2017-07-19 00:00:00,20:00,2017-07-19 20:00:00,,2.0,19.6,15.9,48.2625,0.0,48.2625
30714,2017-07-19 00:00:00,08:00,2017-07-19 08:00:00,,4.0,15.5,13.7,48.2625,0.0,48.2625
30714,2017-07-18 00:00:00,20:00,2017-07-18 20:00:00,,2.0,18.8,13.9,45.750000000000014,1.0,69.77500000000003
30714,2017-07-18 00:00:00,08:00,2017-07-18 08:00:00,,0.0,11.2,10.0,45.750000000000014,1.0,69.77500000000003
30714,2017-07-17 00:00:00,20:00,2017-07-17 20:00:00,,2.0,17.8,15.4,24.025000000000013,0.0,24.025000000000013
30714,2017-07-17 00:00:00,08:00,2017-07-17 08:00:00,,11.0,13.2,12.5,24.025000000000013,0.0,24.025000000000013
30714,2017-07-16 00:00:00,20:00,2017-07-16 20:00:00,,6.0,18.3,16.3,23.19999999999999,0.0,23.19999999999999
30714,2017-07-16 00:00:00,08:00,2017-07-16 08:00:00,,0.5,13.7,12.8,23.19999999999999,0.0,23.19999999999999
30714,2017-07-15 00:00:00,20:00,2017-07-15 20:00:00,,11.0,16.1,14.9,19.020000000000017,0.0,19.020000000000017
30714,2017-07-15 00:00:00,08:00,2017-07-15 08:00:00,,0.7,15.6,14.4,19.020000000000017,0.0,19.020000000000017
30714,2017-07-14 00:00:00,20:00,2017-07-14 20:00:00,,0.0,21.0,16.9,55.650000000000034,0.0,55.650000000000034
30714,2017-07-14 00:00:00,08:00,2017-07-14 08:00:00,,3.0,16.1,14.2,55.650000000000034,0.0,55.650000000000034
30714,2017-07-13 00:00:00,20:00,2017-07-13 20:00:00,,0.0,21.7,15.7,62.70000000000001,5.0,91.19333333333331
30714,2017-07-13 00:00:00,08:00,2017-07-13 08:00:00,,0.0,11.3,9.7,62.70000000000001,5.0,91.19333333333331
30714,2017-12-07 00:00:00,20:00,2017-12-07 20:00:00,,10.0,15.5,13.9,24.337499999999977,0.0,24.337499999999977
30714,2017-12-07 00:00:00,08:00,2017-12-07 08:00:00,,0.0,14.0,12.3,24.337499999999977,0.0,24.337499999999977
30714,2017-11-07 00:00:00,20:00,2017-11-07 20:00:00,,8.0,16.2,14.6,28.957500000000014,0.0,28.957500000000014
30714,2017-11-07 00:00:00,08:00,2017-11-07 08:00:00,,0.0,13.5,11.2,28.957500000000014,0.0,28.957500000000014
30714,2017-10-07 00:00:00,20:00,2017-10-07 20:00:00,,0.0,19.7,11.8,69.41999999999999,2.0,128.3708333333333
30714,2017-10-07 00:00:00,08:00,2017-10-07 08:00:00,,0.0,11.5,10.5,69.41999999999999,2.0,128.3708333333333
30714,2017-09-07 00:00:00,20:00,2017-09-07 20:00:00,,6.0,14.4,12.6,20.847500000000007,0.0,20.847500000000007
30714,2017-09-07 00:00:00,08:00,2017-09-07 08:00:00,,0.0,12.5,11.2,20.847500000000007,0.0,20.847500000000007
30714,2017-08-07 00:00:00,20:00,2017-08-07 20:00:00,,0.0,21.6,13.5,56.58000000000003,2.0,291.50250000000005
30714,2017-08-07 00:00:00,11:00,2017-08-07 11:00:00,,,9.9,7.8,56.58000000000003,2.0,291.50250000000005
30714,2017-08-07 00:00:00,08:00,2017-08-07 08:00:00,,0.0,9.9,7.8,56.58000000000003,2.0,291.50250000000005
30714,2017-07-07 00:00:00,20:00,2017-07-07 20:00:00,,2.0,17.6,10.3,64.71500000000002,0.0,64.71500000000002
30714,2017-07-07 00:00:00,08:00,2017-07-07 08:00:00,,9.0,12.5,11.2,64.71500000000002,0.0,64.71500000000002
30714,2017-06-07 00:00:00,20:00,2017-06-07 20:00:00,,0.0,25.1,18.0,142.14000000000004,4.0,406.7180555555556
30714,2017-06-07 00:00:00,08:00,2017-06-07 08:00:00,,0.0,16.1,9.4,142.14000000000004,4.0,406.7180555555556
30714,2017-05-07 00:00:00,20:00,2017-05-07 20:00:00,,0.0,22.6,11.1,104.49000000000007,4.0,94.56500000000007
30714,2017-05-07 00:00:00,08:00,2017-05-07 08:00:00,,0.0,9.8,8.4,104.49000000000007,4.0,94.56500000000007
30714,2017-04-07 00:00:00,20:00,2017-04-07 20:00:00,,3.0,12.5,11.2,16.847500000000007,0.0,16.847500000000007
30714,2017-04-07 00:00:00,08:00,2017-04-07 08:00:00,,5.0,16.8,15.8,16.847500000000007,0.0,16.847500000000007
30714,2017-03-07 00:00:00,20:00,2017-03-07 20:00:00,,54.0,14.5,13.2,13.904999999999978,0.0,13.904999999999978
30714,2017-03-07 00:00:00,08:00,2017-03-07 08:00:00,,12.0,16.4,15.9,13.904999999999978,0.0,13.904999999999978
30714,2017-02-07 00:00:00,20:00,2017-02-07 20:00:00,,19.0,22.0,19.3,34.56000000000001,0.0,34.56000000000001
30714,2017-02-07 00:00:00,08:00,2017-02-07 08:00:00,,0.3,16.4,15.5,34.56000000000001,0.0,34.56000000000001
30714,2017-01-07 00:00:00,20:00,2017-01-07 20:00:00,,0.0,24.5,19.2,63.94500000000004,1.0,106.69500000000005
30714,2017-01-07 00:00:00,08:00,2017-01-07 08:00:00,,0.1,16.1,15.1,63.94500000000004,1.0,106.69500000000005
30714,2017-06-30 00:00:00,20:00,2017-06-30 20:00:00,,0.6,26.3,18.5,85.695,2.0,289.0524999999999
30714,2017-06-30 00:00:00,08:00,2017-06-30 08:00:00,,1.0,13.1,12.2,85.695,2.0,289.0524999999999
30714,2017-06-29 00:00:00,20:00,2017-06-29 20:00:00,,0.0,25.7,13.3,164.8574999999999,1.0,203.3574999999999
30714,2017-06-29 00:00:00,08:00,2017-06-29 08:00:00,,0.0,17.4,14.5,164.8574999999999,1.0,203.3574999999999
30714,2017-06-28 00:00:00,20:00,2017-06-28 20:00:00,,0.0,22.2,18.9,38.5,0.0,38.5
30714,2017-06-28 00:00:00,08:00,2017-06-28 08:00:00,,7.0,16.3,15.6,38.5,0.0,38.5
30714,2017-06-27 00:00:00,20:00,2017-06-27 20:00:00,,4.0,19.0,17.4,21.539999999999985,0.0,21.539999999999985
30714,2017-06-27 00:00:00,08:00,2017-06-27 08:00:00,,2.0,16.9,16.1,21.539999999999985,0.0,21.539999999999985
30714,2017-06-26 00:00:00,20:00,2017-06-26 20:00:00,,28.0,19.8,18.4,32.12999999999998,0.0,32.12999999999998
30714,2017-06-26 00:00:00,08:00,2017-06-26 08:00:00,,0.6,18.0,16.0,32.12999999999998,0.0,32.12999999999998
30714,2017-06-25 00:00:00,20:00,2017-06-25 20:00:00,,0.0,21.4,17.2,89.31999999999996,11.0,1939.5374999999997
30714,2017-06-25 00:00:00,08:00,2017-06-25 08:00:00,,0.0,19.2,14.6,89.31999999999996,11.0,1939.5374999999997
30714,2017-06-24 00:00:00,20:00,2017-06-24 20:00:00,,0.0,26.9,14.0,183.0149999999999,10.0,1850.2174999999997
30714,2017-06-24 00:00:00,08:00,2017-06-24 08:00:00,,0.0,17.2,13.5,183.0149999999999,10.0,1850.2174999999997
30714,2017-06-23 00:00:00,20:00,2017-06-23 20:00:00,,0.0,27.8,11.6,215.83000000000004,9.0,1667.2024999999999
30714,2017-06-23 00:00:00,08:00,2017-06-23 08:00:00,,0.0,17.4,14.5,215.83000000000004,9.0,1667.2024999999999
30714,2017-06-22 00:00:00,20:00,2017-06-22 20:00:00,,0.0,28.6,14.3,194.6875,8.0,1451.3725
30714,2017-06-22 00:00:00,08:00,2017-06-22 08:00:00,,0.0,15.9,12.7,194.6875,8.0,1451.3725
30714,2017-06-21 00:00:00,20:00,2017-06-21 20:00:00,,0.0,29.4,9.4,267.17999999999995,7.0,1256.685
30714,2017-06-21 00:00:00,08:00,2017-06-21 08:00:00,,0.0,14.4,10.0,267.17999999999995,7.0,1256.685
30714,2017-06-20 00:00:00,20:00,2017-06-20 20:00:00,,0.0,24.7,7.0,179.1,6.0,989.505
30714,2017-06-20 00:00:00,08:00,2017-06-20 08:00:00,,0.0,11.3,9.1,179.1,6.0,989.505
30714,2017-06-19 00:00:00,20:00,2017-06-19 20:00:00,,0.9,21.9,5.8,164.70000000000002,5.0,810.405
30714,2017-06-19 00:00:00,08:00,2017-06-19 08:00:00,,0.0,14.1,11.9,164.70000000000002,5.0,810.405
30714,2017-06-18 00:00:00,20:00,2017-06-18 20:00:00,,0.0,24.4,8.9,223.02749999999995,4.0,645.7049999999999
30714,2017-06-18 00:00:00,08:00,2017-06-18 08:00:00,,0.0,14.9,7.7,223.02749999999995,4.0,645.7049999999999
30714,2017-06-17 00:00:00,20:00,2017-06-17 20:00:00,,0.0,23.2,8.4,123.585,3.0,422.6775
30714,2017-06-17 00:00:00,08:00,2017-06-17 08:00:00,,0.0,8.9,8.3,123.585,3.0,422.6775
30714,2017-06-16 00:00:00,20:00,2017-06-16 20:00:00,,0.9,17.5,8.6,79.92000000000002,2.0,299.09250000000003
30714,2017-06-16 00:00:00,08:00,2017-06-16 08:00:00,,0.0,11.3,9.1,79.92000000000002,2.0,299.09250000000003
30714,2017-06-15 00:00:00,20:00,2017-06-15 20:00:00,,0.0,22.0,7.9,136.93500000000003,1.0,219.1725
30714,2017-06-15 00:00:00,08:00,2017-06-15 08:00:00,,0.0,8.6,4.8,136.93500000000003,1.0,219.1725
30714,2017-06-14 00:00:00,20:00,2017-06-14 20:00:00,,4.0,16.7,8.1,82.2375,0.0,82.2375
30714,2017-06-14 00:00:00,08:00,2017-06-14 08:00:00,,0.0,8.8,4.5,82.2375,0.0,82.2375
30714,2017-06-13 00:00:00,20:00,2017-06-13 20:00:00,,3.0,15.1,9.3,55.85999999999999,0.0,55.85999999999999
30714,2017-06-13 00:00:00,08:00,2017-06-13 08:00:00,,0.5,11.5,8.9,55.85999999999999,0.0,55.85999999999999
30714,2017-12-06 00:00:00,20:00,2017-12-06 20:00:00,,0.0,21.4,13.6,111.80499999999996,9.0,3.0799999999999557
30714,2017-12-06 00:00:00,08:00,2017-12-06 08:00:00,,0.0,16.5,12.5,111.80499999999996,9.0,3.0799999999999557
30714,2017-11-06 00:00:00,20:00,2017-11-06 20:00:00,,0.0,24.4,5.3,198.0125,0.0,198.0125
30714,2017-11-06 00:00:00,08:00,2017-11-06 08:00:00,,6.0,12.1,9.5,198.0125,0.0,198.0125
30714,2017-10-06 00:00:00,20:00,2017-10-06 20:00:00,,0.0,14.6,9.1,31.073333333333323,1.0,58.95083333333332
30714,2017-10-06 00:00:00,11:00,2017-10-06 11:00:00,,,10.4,9.2,31.073333333333323,1.0,58.95083333333332
30714,2017-10-06 00:00:00,08:00,2017-10-06 08:00:00,,0.0,10.4,9.2,31.073333333333323,1.0,58.95083333333332
30714,2017-09-06 00:00:00,20:00,2017-09-06 20:00:00,,0.0,16.8,8.9,66.435,2.0,120.90750000000001
30714,2017-09-06 00:00:00,08:00,2017-09-06 08:00:00,,0.0,9.0,6.6,66.435,2.0,120.90750000000001
30714,2017-08-06 00:00:00,20:00,2017-08-06 20:00:00,,0.0,22.2,3.0,188.02500000000003,1.0,234.9225
30714,2017-08-06 00:00:00,08:00,2017-08-06 08:00:00,,0.0,10.5,6.7,188.02500000000003,1.0,234.9225
30714,2017-07-06 00:00:00,20:00,2017-07-06 20:00:00,,0.0,20.9,6.0,133.19249999999997,8.0,551.1749999999998
30714,2017-07-06 00:00:00,08:00,2017-07-06 08:00:00,,0.0,9.2,6.4,133.19249999999997,8.0,551.1749999999998
30714,2017-06-06 00:00:00,20:00,2017-06-06 20:00:00,,0.5,16.8,7.2,83.84000000000002,3.0,264.5780555555556
30714,2017-06-06 00:00:00,08:00,2017-06-06 08:00:00,,0.5,8.8,5.3,83.84000000000002,3.0,264.5780555555556
30714,2017-05-06 00:00:00,20:00,2017-05-06 20:00:00,,2.0,9.3,5.3,16.000000000000004,3.0,-9.924999999999997
30714,2017-05-06 00:00:00,08:00,2017-05-06 08:00:00,,1.0,3.5,2.5,16.000000000000004,3.0,-9.924999999999997
30714,2017-04-06 00:00:00,20:00,2017-04-06 20:00:00,,3.0,7.6,3.9,17.34,0.0,17.34
30714,2017-04-06 00:00:00,08:00,2017-04-06 08:00:00,,1.0,6.0,4.6,17.34,0.0,17.34
30714,2017-03-06 00:00:00,20:00,2017-03-06 20:00:00,,5.0,11.2,10.2,11.212500000000004,0.0,11.212500000000004
30714,2017-03-06 00:00:00,08:00,2017-03-06 08:00:00,,0.0,8.3,7.0,11.212500000000004,0.0,11.212500000000004
30714,2017-02-06 00:00:00,20:00,2017-02-06 20:00:00,,0.0,21.4,3.2,152.63999999999996,10.0,-66.23249999999999
30714,2017-02-06 00:00:00,08:00,2017-02-06 08:00:00,,0.0,7.4,4.4,152.63999999999996,10.0,-66.23249999999999
30714,2017-01-06 00:00:00,20:00,2017-01-06 20:00:00,,0.0,13.1,7.4,42.75,0.0,42.75
30714,2017-01-06 00:00:00,08:00,2017-01-06 08:00:00,,7.0,9.4,7.5,42.75,0.0,42.75
30714,2017-05-31 00:00:00,20:00,2017-05-31 20:00:00,,0.0,17.2,8.2,82.55999999999997,4.0,489.6724999999999
30714,2017-05-31 00:00:00,08:00,2017-05-31 08:00:00,,0.0,8.6,4.8,82.55999999999997,4.0,489.6724999999999
30714,2017-05-30 00:00:00,20:00,2017-05-30 20:00:00,,0.0,21.0,2.4,185.225,3.0,407.11249999999995
30714,2017-05-30 00:00:00,08:00,2017-05-30 08:00:00,,0.0,10.0,4.7,185.225,3.0,407.11249999999995
30714,2017-05-29 00:00:00,20:00,2017-05-29 20:00:00,,0.0,20.0,8.3,116.065,2.0,221.8875
30714,2017-05-29 00:00:00,08:00,2017-05-29 08:00:00,,0.0,7.8,2.8,116.065,2.0,221.8875
30714,2017-05-28 00:00:00,20:00,2017-05-28 20:00:00,,0.0,16.4,0.2,76.43999999999997,1.0,105.82249999999998
30714,2017-05-28 00:00:00,08:00,2017-05-28 08:00:00,,0.0,0.4,-1.6,76.43999999999997,1.0,105.82249999999998
30714,2017-05-27 00:00:00,20:00,2017-05-27 20:00:00,,5.0,6.9,3.6,29.382500000000004,0.0,29.382500000000004
30714,2017-05-27 00:00:00,08:00,2017-05-27 08:00:00,,0.7,9.2,5.2,29.382500000000004,0.0,29.382500000000004
30714,2017-05-26 00:00:00,20:00,2017-05-26 20:00:00,,6.0,15.1,10.4,72.71999999999996,0.0,72.71999999999996
30714,2017-05-26 00:00:00,08:00,2017-05-26 08:00:00,,,13.7,8.3,72.71999999999996,0.0,72.71999999999996
30714,2017-05-25 00:00:00,20:00,2017-05-25 20:00:00,,0.0,26.5,9.0,277.96999999999997,8.0,1328.508888888889
30714,2017-05-25 00:00:00,08:00,2017-05-25 08:00:00,,0.0,15.3,6.2,277.96999999999997,8.0,1328.508888888889
30714,2017-05-24 00:00:00,20:00,2017-05-24 20:00:00,,0.0,26.1,6.1,217.50250000000003,7.0,1050.538888888889
30714,2017-05-24 00:00:00,08:00,2017-05-24 08:00:00,,0.0,10.0,5.9,217.50250000000003,7.0,1050.538888888889
30714,2017-05-23 00:00:00,20:00,2017-05-23 20:00:00,,0.0,22.8,2.4,156.86499999999998,6.0,833.036388888889
30714,2017-05-23 00:00:00,08:00,2017-05-23 08:00:00,,0.0,4.6,2.1,156.86499999999998,6.0,833.036388888889
30714,2017-05-22 00:00:00,20:00,2017-05-22 20:00:00,,0.0,18.0,1.6,128.93500000000003,5.0,676.1713888888889
30714,2017-05-22 00:00:00,08:00,2017-05-22 08:00:00,,0.0,6.1,1.1,128.93500000000003,5.0,676.1713888888889
30714,2017-05-21 00:00:00,20:00,2017-05-21 20:00:00,,0.0,18.4,-3.0,193.3925,4.0,547.2363888888889
30714,2017-05-21 00:00:00,08:00,2017-05-21 08:00:00,,0.0,7.3,-1.4,193.3925,4.0,547.2363888888889
30714,2017-05-20 00:00:00,20:00,2017-05-20 20:00:00,,0.0,16.2,-7.2,254.58749999999998,3.0,353.84388888888884
30714,2017-05-20 00:00:00,08:00,2017-05-20 08:00:00,,0.0,11.7,-1.4,254.58749999999998,3.0,353.84388888888884
30714,2017-05-19 00:00:00,20:00,2017-05-19 20:00:00,,0.4,3.8,-1.8,8.5075,2.0,99.25638888888889
30714,2017-05-19 00:00:00,08:00,2017-05-19 08:00:00,,0.2,0.3,-2.4,8.5075,2.0,99.25638888888889
30714,2017-05-18 00:00:00,20:00,2017-05-18 20:00:00,,0.0,5.0,-0.3,83.2688888888889,1.0,90.7488888888889
30714,2017-05-18 00:00:00,11:00,2017-05-18 11:00:00,,,7.6,-8.3,83.2688888888889,1.0,90.7488888888889
30714,2017-05-18 00:00:00,08:00,2017-05-18 08:00:00,,0.8,7.6,-8.3,83.2688888888889,1.0,90.7488888888889
30714,2017-05-17 00:00:00,23:00,2017-05-17 23:00:00,,,6.8,5.7,7.479999999999998,0.0,7.479999999999998
30714,2017-05-17 00:00:00,20:00,2017-05-17 20:00:00,,6.0,6.8,5.7,7.479999999999998,0.0,7.479999999999998
30714,2017-05-17 00:00:00,08:00,2017-05-17 08:00:00,,2.0,6.8,5.7,7.479999999999998,0.0,7.479999999999998
30714,2017-05-16 00:00:00,20:00,2017-05-16 20:00:00,,0.0,21.3,7.6,180.95999999999995,4.0,509.345
30714,2017-05-16 00:00:00,08:00,2017-05-16 08:00:00,,0.0,13.5,6.4,180.95999999999995,4.0,509.345
30714,2017-05-15 00:00:00,20:00,2017-05-15 20:00:00,,0.0,25.1,8.7,155.57000000000005,3.0,328.38500000000005
30714,2017-05-15 00:00:00,08:00,2017-05-15 08:00:00,,0.0,8.0,5.6,155.57000000000005,3.0,328.38500000000005
30714,2017-05-14 00:00:00,20:00,2017-05-14 20:00:00,,0.0,21.3,6.6,111.26499999999999,2.0,172.815
30714,2017-05-14 00:00:00,08:00,2017-05-14 08:00:00,,0.0,7.6,6.9,111.26499999999999,2.0,172.815
30714,2017-05-13 00:00:00,20:00,2017-05-13 20:00:00,,0.6,18.0,8.1,69.8625,1.0,61.550000000000004
30714,2017-05-13 00:00:00,08:00,2017-05-13 08:00:00,,0.4,6.3,4.7,69.8625,1.0,61.550000000000004
30714,2017-12-05 00:00:00,20:00,2017-12-05 20:00:00,,0.0,13.4,-0.4,66.27,8.0,-108.72500000000001
30714,2017-12-05 00:00:00,08:00,2017-12-05 08:00:00,,0.0,0.7,-4.3,66.27,8.0,-108.72500000000001
30714,2017-11-05 00:00:00,20:00,2017-11-05 20:00:00,,0.0,9.1,-4.6,36.765,28.0,-300.0758333333332
30714,2017-11-05 00:00:00,08:00,2017-11-05 08:00:00,,0.0,-0.5,-3.9,36.765,28.0,-300.0758333333332
30714,2017-10-05 00:00:00,20:00,2017-10-05 20:00:00,,0.4,5.2,-8.4,27.8775,0.0,27.8775
30714,2017-10-05 00:00:00,08:00,2017-10-05 08:00:00,Снежный покров не постоянный.,7.0,0.7,-4.6,27.8775,0.0,27.8775
30714,2017-09-05 00:00:00,20:00,2017-09-05 20:00:00,,0.0,13.5,2.4,58.56750000000001,1.0,54.47250000000001
30714,2017-09-05 00:00:00,08:00,2017-09-05 08:00:00,,0.0,3.6,1.0,58.56750000000001,1.0,54.47250000000001
30714,2017-08-05 00:00:00,20:00,2017-08-05 20:00:00,,0.0,10.9,1.7,46.89749999999999,0.0,46.89749999999999
30714,2017-08-05 00:00:00,08:00,2017-08-05 08:00:00,,4.0,6.0,4.1,46.89749999999999,0.0,46.89749999999999
30714,2017-07-05 00:00:00,20:00,2017-07-05 20:00:00,,0.0,19.0,-0.2,168.34500000000003,7.0,417.98249999999985
30714,2017-07-05 00:00:00,08:00,2017-07-05 08:00:00,,0.0,7.1,0.5,168.34500000000003,7.0,417.98249999999985
30714,2017-06-05 00:00:00,20:00,2017-06-05 20:00:00,,0.0,20.9,-4.6,175.3125,2.0,180.73805555555555
30714,2017-06-05 00:00:00,08:00,2017-06-05 08:00:00,,0.5,4.6,2.6,175.3125,2.0,180.73805555555555
30714,2017-05-05 00:00:00,20:00,2017-05-05 20:00:00,,0.6,3.3,0.4,2.975,2.0,-25.925
30714,2017-05-05 00:00:00,08:00,2017-05-05 08:00:00,,0.0,0.1,-0.5,2.975,2.0,-25.925
30714,2017-04-05 00:00:00,20:00,2017-04-05 20:00:00,,0.0,5.1,-16.4,36.4375,1.0,30.595
30714,2017-04-05 00:00:00,08:00,2017-04-05 08:00:00,,0.0,0.4,-4.6,36.4375,1.0,30.595
30714,2017-03-05 00:00:00,20:00,2017-03-05 20:00:00,,0.4,1.6,-5.7,2.2050000000000005,2.0,-12.995000000000001
30714,2017-03-05 00:00:00,08:00,2017-03-05 08:00:00,1.0,1.0,-0.7,-3.2,2.2050000000000005,2.0,-12.995000000000001
30714,2017-02-05 00:00:00,20:00,2017-02-05 20:00:00,,0.0,4.8,0.1,7.8375,9.0,-218.87249999999995
30714,2017-02-05 00:00:00,08:00,2017-02-05 08:00:00,Менее 0.5,2.0,0.9,0.1,7.8375,9.0,-218.87249999999995
30714,2017-01-05 00:00:00,20:00,2017-01-05 20:00:00,,8.0,2.4,1.1,4.65,0.0,4.65
30714,2017-01-05 00:00:00,08:00,2017-01-05 08:00:00,,3.0,6.9,6.2,4.65,0.0,4.65
30714,2017-04-30 00:00:00,20:00,2017-04-30 20:00:00,,0.1,13.7,4.9,45.10500000000001,8.0,672.46
30714,2017-04-30 00:00:00,08:00,2017-04-30 08:00:00,,0.5,4.9,4.0,45.10500000000001,8.0,672.46
30714,2017-04-29 00:00:00,20:00,2017-04-29 20:00:00,,0.0,13.9,7.6,86.71500000000002,7.0,627.355
30714,2017-04-29 00:00:00,08:00,2017-04-29 08:00:00,,0.0,10.7,2.9,86.71500000000002,7.0,627.355
30714,2017-04-28 00:00:00,20:00,2017-04-28 20:00:00,,0.0,21.8,-10.9,257.4,6.0,540.64
30714,2017-04-28 00:00:00,08:00,2017-04-28 08:00:00,,0.0,4.6,-1.7,257.4,6.0,540.64
30714,2017-04-27 00:00:00,20:00,2017-04-27 20:00:00,,0.0,17.6,-6.9,140.38500000000002,5.0,283.24
30714,2017-04-27 00:00:00,08:00,2017-04-27 08:00:00,,0.0,1.5,-3.4,140.38500000000002,5.0,283.24
30714,2017-04-26 00:00:00,20:00,2017-04-26 20:00:00,,0.0,12.5,-8.7,74.09,4.0,142.85500000000002
30714,2017-04-26 00:00:00,08:00,2017-04-26 08:00:00,,0.0,-0.1,-2.8,74.09,4.0,142.85500000000002
30714,2017-04-25 00:00:00,20:00,2017-04-25 20:00:00,,0.0,10.9,-10.4,59.28,3.0,68.765
30714,2017-04-25 00:00:00,08:00,2017-04-25 08:00:00,,0.0,-1.3,-4.7,59.28,3.0,68.765
30714,2017-04-24 00:00:00,20:00,2017-04-24 20:00:00,,0.0,6.2,-12.6,13.020000000000003,2.0,9.485000000000003
30714,2017-04-24 00:00:00,08:00,2017-04-24 08:00:00,,0.0,-3.8,-6.7,13.020000000000003,2.0,9.485000000000003
30714,2017-04-23 00:00:00,20:00,2017-04-23 20:00:00,,0.0,5.1,-13.3,-1.065000000000001,1.0,-3.535000000000001
30714,2017-04-23 00:00:00,08:00,2017-04-23 08:00:00,7.0,0.8,-5.3,-8.2,-1.065000000000001,1.0,-3.535000000000001
30714,2017-04-22 00:00:00,20:00,2017-04-22 20:00:00,,7.0,-0.5,-2.0,-2.47,0.0,-2.47
30714,2017-04-22 00:00:00,08:00,2017-04-22 08:00:00,7.0,4.0,-3.3,-4.4,-2.47,0.0,-2.47
30714,2017-04-21 00:00:00,20:00,2017-04-21 20:00:00,,2.0,0.3,-0.5,-0.45500000000000007,0.0,-0.45500000000000007
30714,2017-04-21 00:00:00,08:00,2017-04-21 08:00:00,12.0,7.0,-1.6,-2.2,-0.45500000000000007,0.0,-0.45500000000000007
30714,2017-04-20 00:00:00,20:00,2017-04-20 20:00:00,,0.0,5.7,-2.6,5.625,2.0,35.19055555555555
30714,2017-04-20 00:00:00,08:00,2017-04-20 08:00:00,,0.0,-3.2,-3.9,5.625,2.0,35.19055555555555
30714,2017-04-19 00:00:00,20:00,2017-04-19 20:00:00,,0.9,2.6,-5.9,5.5,1.0,29.56555555555555
30714,2017-04-19 00:00:00,08:00,2017-04-19 08:00:00,1.0,0.2,-0.1,-0.4,5.5,1.0,29.56555555555555
30714,2017-04-18 00:00:00,23:00,2017-04-18 23:00:00,,,5.0,-3.3,24.065555555555555,0.0,24.06555555555555
30714,2017-04-18 00:00:00,20:00,2017-04-18 20:00:00,,3.0,5.0,-3.3,24.065555555555555,0.0,24.06555555555555
30714,2017-04-18 00:00:00,08:00,2017-04-18 08:00:00,,7.0,2.1,0.8,24.065555555555555,0.0,24.06555555555555
30714,2017-04-17 00:00:00,20:00,2017-04-17 20:00:00,,0.0,9.3,-9.5,20.855,2.0,35.405
30714,2017-04-17 00:00:00,08:00,2017-04-17 08:00:00,,0.0,-5.0,-5.6,20.855,2.0,35.405
30714,2017-04-16 00:00:00,20:00,2017-04-16 20:00:00,,2.0,2.8,-2.4,10.535000000000002,1.0,14.550000000000004
30714,2017-04-16 00:00:00,08:00,2017-04-16 08:00:00,,0.0,2.1,-1.3,10.535000000000002,1.0,14.550000000000004
30714,2017-04-15 00:00:00,20:00,2017-04-15 20:00:00,,1.0,5.2,3.8,4.015000000000002,0.0,4.015000000000002
30714,2017-04-15 00:00:00,08:00,2017-04-15 08:00:00,,7.0,2.1,1.3,4.015000000000002,0.0,4.015000000000002
30714,2017-04-14 00:00:00,20:00,2017-04-14 20:00:00,,0.0,10.1,-4.5,46.0,7.0,208.1275
30714,2017-04-14 00:00:00,08:00,2017-04-14 08:00:00,,0.0,1.4,0.0,46.0,7.0,208.1275
30714,2017-04-13 00:00:00,20:00,2017-04-13 20:00:00,,0.0,10.5,-5.5,36.3125,6.0,162.1275
30714,2017-04-13 00:00:00,08:00,2017-04-13 08:00:00,,0.0,-2.2,-3.7,36.3125,6.0,162.1275
30714,2017-12-04 00:00:00,20:00,2017-12-04 20:00:00,,0.0,12.9,-8.9,60.48000000000001,7.0,-174.995
30714,2017-12-04 00:00:00,08:00,2017-12-04 08:00:00,Снежный покров не постоянный.,0.0,-2.1,-2.7,60.48000000000001,7.0,-174.995
30714,2017-11-04 00:00:00,20:00,2017-11-04 20:00:00,,0.0,2.3,-3.3,-7.2,27.0,-336.8408333333332
30714,2017-11-04 00:00:00,08:00,2017-11-04 08:00:00,Снежный покров не постоянный.,0.0,-5.5,-8.9,-7.2,27.0,-336.8408333333332
30714,2017-10-04 00:00:00,20:00,2017-10-04 20:00:00,,0.4,0.3,-4.0,-9.145,1.0,-34.36500000000001
30714,2017-10-04 00:00:00,08:00,2017-10-04 08:00:00,8.0,2.0,-6.5,-8.1,-9.145,1.0,-34.36500000000001
30714,2017-09-04 00:00:00,20:00,2017-09-04 20:00:00,,5.0,-1.4,-2.3,-4.094999999999996,0.0,-4.094999999999996
30714,2017-09-04 00:00:00,08:00,2017-09-04 08:00:00,Снежный покров не постоянный.,0.0,-6.4,-7.6,-4.094999999999996,0.0,-4.094999999999996
30714,2017-08-04 00:00:00,20:00,2017-08-04 20:00:00,,0.0,5.7,-11.7,1.4924999999999993,5.0,2.057500000000061
30714,2017-08-04 00:00:00,08:00,2017-08-04 08:00:00,Снежный покров не постоянный.,0.0,-5.4,-7.9,1.4924999999999993,5.0,2.057500000000061
30714,2017-07-04 00:00:00,20:00,2017-07-04 20:00:00,,0.0,5.7,-12.5,2.9400000000000026,6.0,249.63749999999985
30714,2017-07-04 00:00:00,08:00,2017-07-04 08:00:00,1.0,0.4,-5.1,-6.5,2.9400000000000026,6.0,249.63749999999985
30714,2017-06-04 00:00:00,20:00,2017-06-04 20:00:00,,0.0,2.6,-12.5,7.65,1.0,5.425555555555556
30714,2017-06-04 00:00:00,08:00,2017-06-04 08:00:00,Снежный покров не постоянный.,0.0,-0.9,-3.8,7.65,1.0,5.425555555555556
30714,2017-05-04 00:00:00,20:00,2017-05-04 20:00:00,,0.0,2.9,-8.6,-23.8975,1.0,-28.900000000000002
30714,2017-05-04 00:00:00,08:00,2017-05-04 08:00:00,7.0,0.0,-10.8,-11.4,-23.8975,1.0,-28.900000000000002
30714,2017-04-04 00:00:00,20:00,2017-04-04 20:00:00,,0.3,-1.8,-5.1,-5.842500000000001,0.0,-5.842500000000001
30714,2017-04-04 00:00:00,08:00,2017-04-04 08:00:00,10.0,5.0,-3.9,-4.7,-5.842500000000001,0.0,-5.842500000000001
30714,2017-03-04 00:00:00,20:00,2017-03-04 20:00:00,,0.2,-2.6,-2.9,-5.4,1.0,-15.200000000000001
30714,2017-03-04 00:00:00,08:00,2017-03-04 08:00:00,Снежный покров не постоянный.,0.0,-1.9,-6.4,-5.4,1.0,-15.200000000000001
30714,2017-02-04 00:00:00,20:00,2017-02-04 20:00:00,,0.0,4.1,-4.5,10.512499999999998,8.0,-226.70999999999995
30714,2017-02-04 00:00:00,08:00,2017-02-04 08:00:00,Снежный покров не постоянный.,0.0,-1.2,-7.1,10.512499999999998,8.0,-226.70999999999995
30714,2017-01-04 00:00:00,20:00,2017-01-04 20:00:00,,0.0,6.1,-5.1,3.3549999999999986,0.0,0.0
30714,2017-01-04 00:00:00,08:00,2017-01-04 08:00:00,7.0,0.0,-5.0,-6.0,3.3549999999999986,0.0,0.0
30714,2017-03-31 00:00:00,20:00,2017-03-31 20:00:00,,0.0,9.7,-7.6,10.229999999999995,22.0,-693.9305555555554
30714,2017-03-31 00:00:00,08:00,2017-03-31 08:00:00,18.0,0.0,-7.5,-8.8,10.229999999999995,22.0,-693.9305555555554
30714,2017-03-30 00:00:00,20:00,2017-03-30 20:00:00,,0.0,3.7,-5.5,-10.0825,21.0,-704.1605555555554
30714,2017-03-30 00:00:00,08:00,2017-03-30 08:00:00,20.0,0.0,-7.4,-9.1,-10.0825,21.0,-704.1605555555554
30714,2017-03-29 00:00:00,20:00,2017-03-29 20:00:00,,0.0,5.5,-6.1,13.125,20.0,-694.0780555555555
30714,2017-03-29 00:00:00,08:00,2017-03-29 08:00:00,29.0,2.0,-1.3,-2.2,13.125,20.0,-694.0780555555555
30714,2017-03-28 00:00:00,20:00,2017-03-28 20:00:00,,0.0,3.4,-3.3,-12.180000000000001,19.0,-707.2030555555555
30714,2017-03-28 00:00:00,08:00,2017-03-28 08:00:00,31.0,0.0,-9.0,-11.0,-12.180000000000001,19.0,-707.2030555555555
30714,2017-03-27 00:00:00,20:00,2017-03-27 20:00:00,,0.0,3.2,-5.1,-14.429999999999998,18.0,-695.0230555555555
30714,2017-03-27 00:00:00,08:00,2017-03-27 08:00:00,33.0,0.0,-8.4,-11.2,-14.429999999999998,18.0,-695.0230555555555
30714,2017-03-26 00:00:00,20:00,2017-03-26 20:00:00,,0.0,2.6,-6.8,-27.999999999999996,17.0,-680.5930555555556
30714,2017-03-26 00:00:00,08:00,2017-03-26 08:00:00,34.0,0.0,-13.8,-14.4,-27.999999999999996,17.0,-680.5930555555556
30714,2017-03-25 00:00:00,20:00,2017-03-25 20:00:00,,0.0,2.2,-12.1,-48.56666666666668,16.0,-652.5930555555556
30714,2017-03-25 00:00:00,11:00,2017-03-25 11:00:00,35.0,,-15.2,-15.8,-48.56666666666668,16.0,-652.5930555555556
30714,2017-03-25 00:00:00,08:00,2017-03-25 08:00:00,35.0,0.0,-15.2,-15.8,-48.56666666666668,16.0,-652.5930555555556
30714,2017-03-24 00:00:00,20:00,2017-03-24 20:00:00,,0.0,-0.7,-8.6,-35.275000000000006,15.0,-604.0263888888888
30714,2017-03-24 00:00:00,08:00,2017-03-24 08:00:00,36.0,0.0,-15.9,-16.5,-35.275000000000006,15.0,-604.0263888888888
30714,2017-03-23 00:00:00,20:00,2017-03-23 20:00:00,,0.4,-1.8,-2.7,-4.305,14.0,-568.7513888888889
30714,2017-03-23 00:00:00,08:00,2017-03-23 08:00:00,37.0,0.0,-6.4,-7.6,-4.305,14.0,-568.7513888888889
30714,2017-03-22 00:00:00,23:00,2017-03-22 23:00:00,,,-0.8,-13.6,-49.488888888888894,13.0,-564.4463888888889
30714,2017-03-22 00:00:00,20:00,2017-03-22 20:00:00,,0.0,-0.8,-13.6,-49.488888888888894,13.0,-564.4463888888889
30714,2017-03-22 00:00:00,08:00,2017-03-22 08:00:00,37.0,0.0,-15.4,-16.0,-49.488888888888894,13.0,-564.4463888888889
30714,2017-03-21 00:00:00,20:00,2017-03-21 20:00:00,,0.0,-3.3,-14.5,-64.31,12.0,-514.9575
30714,2017-03-21 00:00:00,08:00,2017-03-21 08:00:00,37.0,0.0,-18.5,-19.1,-64.31,12.0,-514.9575
30714,2017-03-20 00:00:00,20:00,2017-03-20 20:00:00,,0.0,-2.8,-14.1,-69.9125,11.0,-450.6474999999999
30714,2017-03-20 00:00:00,08:00,2017-03-20 08:00:00,37.0,0.0,-20.7,-21.3,-69.9125,11.0,-450.6474999999999
30714,2017-03-19 00:00:00,20:00,2017-03-19 20:00:00,,0.0,-2.9,-11.0,-55.67999999999999,10.0,-380.73499999999996
30714,2017-03-19 00:00:00,08:00,2017-03-19 08:00:00,38.0,0.0,-22.7,-23.3,-55.67999999999999,10.0,-380.73499999999996
30714,2017-03-18 00:00:00,20:00,2017-03-18 20:00:00,,0.0,-4.5,-17.7,-97.63499999999996,9.0,-325.05499999999995
30714,2017-03-18 00:00:00,08:00,2017-03-18 08:00:00,38.0,0.0,-23.8,-24.4,-97.63499999999996,9.0,-325.05499999999995
30714,2017-03-17 00:00:00,20:00,2017-03-17 20:00:00,,0.0,-5.8,-16.1,-44.962500000000006,8.0,-227.42000000000002
30714,2017-03-17 00:00:00,08:00,2017-03-17 08:00:00,39.0,1.0,-10.7,-11.3,-44.962500000000006,8.0,-227.42000000000002
30714,2017-03-16 00:00:00,20:00,2017-03-16 20:00:00,,0.0,-4.9,-10.7,-32.095,7.0,-182.4575
30714,2017-03-16 00:00:00,08:00,2017-03-16 08:00:00,38.0,0.0,-4.9,-12.2,-32.095,7.0,-182.4575
30714,2017-03-15 00:00:00,20:00,2017-03-15 20:00:00,,0.0,-1.0,-8.6,-34.85000000000001,6.0,-150.3625
30714,2017-03-15 00:00:00,08:00,2017-03-15 08:00:00,39.0,0.0,-16.0,-16.6,-34.85000000000001,6.0,-150.3625
30714,2017-03-14 00:00:00,20:00,2017-03-14 20:00:00,,0.0,-0.6,-7.1,-32.30499999999998,5.0,-115.51250000000002
30714,2017-03-14 00:00:00,08:00,2017-03-14 08:00:00,39.0,0.0,-17.6,-18.2,-32.30499999999998,5.0,-115.51250000000002
30714,2017-03-13 00:00:00,20:00,2017-03-13 20:00:00,,0.0,-3.5,-9.6,-39.52999999999998,4.0,-83.20750000000004
30714,2017-03-13 00:00:00,08:00,2017-03-13 08:00:00,43.0,0.0,-20.1,-20.7,-39.52999999999998,4.0,-83.20750000000004
30714,2017-12-03 00:00:00,20:00,2017-12-03 20:00:00,,0.0,-3.0,-13.9,-73.36999999999999,6.0,-235.47500000000002
30714,2017-12-03 00:00:00,08:00,2017-12-03 08:00:00,44.0,0.0,-22.3,-23.0,-73.36999999999999,6.0,-235.47500000000002
30714,2017-11-03 00:00:00,20:00,2017-11-03 20:00:00,,0.0,-5.1,-6.8,-25.73999999999996,26.0,-329.6408333333332
30714,2017-11-03 00:00:00,08:00,2017-11-03 08:00:00,47.0,0.0,-23.5,-25.4,-25.73999999999996,26.0,-329.6408333333332
30714,2017-10-03 00:00:00,20:00,2017-10-03 20:00:00,,0.0,-12.1,-15.6,-25.220000000000013,0.0,-25.220000000000013
30714,2017-10-03 00:00:00,08:00,2017-10-03 08:00:00,49.0,4.0,-7.3,-9.0,-25.220000000000013,0.0,-25.220000000000013
30714,2017-09-03 00:00:00,20:00,2017-09-03 20:00:00,,0.4,-1.0,-2.8,-12.787500000000005,8.0,-103.46805555555576
30714,2017-09-03 00:00:00,08:00,2017-09-03 08:00:00,43.0,0.0,-15.5,-16.8,-12.787500000000005,8.0,-103.46805555555576
30714,2017-08-03 00:00:00,20:00,2017-08-03 20:00:00,,0.0,-0.8,-5.4,-25.955000000000005,4.0,0.5650000000000617
30714,2017-08-03 00:00:00,08:00,2017-08-03 08:00:00,45.0,0.0,-17.1,-18.3,-25.955000000000005,4.0,0.5650000000000617
30714,2017-07-03 00:00:00,20:00,2017-07-03 20:00:00,,0.0,-2.7,-4.3,-9.520000000000007,5.0,246.69749999999985
30714,2017-07-03 00:00:00,08:00,2017-07-03 08:00:00,56.0,0.6,-9.2,-10.8,-9.520000000000007,5.0,246.69749999999985
30714,2017-06-03 00:00:00,20:00,2017-06-03 20:00:00,,2.0,-1.5,-2.1,-2.2244444444444436,0.0,-2.2244444444444436
30714,2017-06-03 00:00:00,11:00,2017-06-03 11:00:00,56.0,,-3.1,-4.1,-2.2244444444444436,0.0,-2.2244444444444436
30714,2017-06-03 00:00:00,08:00,2017-06-03 08:00:00,56.0,5.0,-3.1,-4.1,-2.2244444444444436,0.0,-2.2244444444444436
30714,2017-05-03 00:00:00,20:00,2017-05-03 20:00:00,,4.0,-0.9,-1.8,-5.002500000000001,0.0,-5.002500000000001
30714,2017-05-03 00:00:00,08:00,2017-05-03 08:00:00,39.0,,-7.8,-9.2,-5.002500000000001,0.0,-5.002500000000001
30714,2017-04-03 00:00:00,20:00,2017-04-03 20:00:00,,,-3.0,-7.2,-17.99999999999999,25.0,-750.5305555555553
30714,2017-04-03 00:00:00,11:00,2017-04-03 11:00:00,41.0,,-13.5,-14.1,-17.99999999999999,25.0,-750.5305555555553
30714,2017-04-03 00:00:00,08:00,2017-04-03 08:00:00,41.0,0.4,-13.5,-14.1,-17.99999999999999,25.0,-750.5305555555553
30714,2017-03-03 00:00:00,20:00,2017-03-03 20:00:00,,1.0,-5.2,-8.5,-9.8,0.0,-9.8
30714,2017-03-03 00:00:00,08:00,2017-03-03 08:00:00,36.0,3.0,-2.8,-4.4,-9.8,0.0,-9.8
30714,2017-02-03 00:00:00,20:00,2017-02-03 20:00:00,,,-1.7,-5.4,-13.780000000000003,7.0,-237.22249999999994
30714,2017-02-03 00:00:00,08:00,2017-02-03 08:00:00,33.0,,-8.9,-10.4,-13.780000000000003,7.0,-237.22249999999994
30714,2017-01-03 00:00:00,20:00,2017-01-03 20:00:00,,0.0,-2.1,-8.3,-28.730000000000008,0.0,0.0
30714,2017-01-03 00:00:00,08:00,2017-01-03 08:00:00,34.0,0.0,-14.8,-15.4,-28.730000000000008,0.0,0.0
30714,2017-02-28 00:00:00,20:00,2017-02-28 20:00:00,,0.0,-5.5,-10.6,-33.81000000000002,14.0,-416.6894444444443
30714,2017-02-28 00:00:00,11:00,2017-02-28 11:00:00,34.0,,-21.4,-22.0,-33.81000000000002,14.0,-416.6894444444443
30714,2017-02-28 00:00:00,08:00,2017-02-28 08:00:00,34.0,0.0,-21.4,-22.0,-33.81000000000002,14.0,-416.6894444444443
30714,2017-02-27 00:00:00,20:00,2017-02-27 20:00:00,,2.0,-6.5,-8.1,-8.3125,13.0,-382.8794444444443
30714,2017-02-27 00:00:00,08:00,2017-02-27 08:00:00,32.0,0.5,-6.8,-7.7,-8.3125,13.0,-382.8794444444443
30714,2017-02-26 00:00:00,20:00,2017-02-26 20:00:00,,0.0,-5.2,-10.7,-34.61750000000001,12.0,-374.5669444444443
30714,2017-02-26 00:00:00,08:00,2017-02-26 08:00:00,32.0,0.0,-17.5,-18.1,-34.61750000000001,12.0,-374.5669444444443
30714,2017-02-25 00:00:00,20:00,2017-02-25 20:00:00,,0.0,-2.9,-11.0,-45.022499999999994,11.0,-339.9494444444443
30714,2017-02-25 00:00:00,08:00,2017-02-25 08:00:00,33.0,0.0,-17.8,-18.4,-45.022499999999994,11.0,-339.9494444444443
30714,2017-02-24 00:00:00,20:00,2017-02-24 20:00:00,,0.0,-3.6,-6.0,-9.089999999999998,10.0,-294.9269444444443
30714,2017-02-24 00:00:00,08:00,2017-02-24 08:00:00,33.0,0.0,-6.5,-7.7,-9.089999999999998,10.0,-294.9269444444443
30714,2017-02-23 00:00:00,20:00,2017-02-23 20:00:00,,0.0,-1.4,-9.6,-33.00444444444444,9.0,-285.8369444444443
30714,2017-02-23 00:00:00,11:00,2017-02-23 11:00:00,35.0,0.0,-15.1,-15.7,-33.00444444444444,9.0,-285.8369444444443
30714,2017-02-23 00:00:00,08:00,2017-02-23 08:00:00,35.0,0.0,-15.1,-15.7,-33.00444444444444,9.0,-285.8369444444443
30714,2017-02-22 00:00:00,20:00,2017-02-22 20:00:00,,0.0,-4.6,-7.7,-29.025000000000006,8.0,-252.8324999999999
30714,2017-02-22 00:00:00,08:00,2017-02-22 08:00:00,35.0,0.0,-22.4,-23.6,-29.025000000000006,8.0,-252.8324999999999
30714,2017-02-21 00:00:00,20:00,2017-02-21 20:00:00,,0.0,-12.0,-14.0,-32.72000000000003,7.0,-223.8074999999999
30714,2017-02-21 00:00:00,08:00,2017-02-21 08:00:00,37.0,0.0,-28.9,-30.1,-32.72000000000003,7.0,-223.8074999999999
30714,2017-02-20 00:00:00,20:00,2017-02-20 20:00:00,,0.0,-14.0,-14.6,-17.147499999999987,6.0,-191.08749999999986
30714,2017-02-20 00:00:00,08:00,2017-02-20 08:00:00,37.0,0.0,-22.1,-23.4,-17.147499999999987,6.0,-191.08749999999986
30714,2017-02-19 00:00:00,20:00,2017-02-19 20:00:00,,0.0,-15.7,-17.6,-40.770000000000095,5.0,-173.93999999999988
30714,2017-02-19 00:00:00,08:00,2017-02-19 08:00:00,37.0,0.2,-29.6,-31.3,-40.770000000000095,5.0,-173.93999999999988
30714,2017-02-18 00:00:00,20:00,2017-02-18 20:00:00,,2.0,-9.2,-13.7,-31.61000000000002,4.0,-133.1699999999998
30714,2017-02-18 00:00:00,08:00,2017-02-18 08:00:00,36.0,0.0,-12.6,-13.9,-31.61000000000002,4.0,-133.1699999999998
30714,2017-02-17 00:00:00,20:00,2017-02-17 20:00:00,,0.0,-15.8,-18.5,-40.754999999999974,3.0,-101.55999999999977
30714,2017-02-17 00:00:00,08:00,2017-02-17 08:00:00,37.0,0.0,-27.1,-28.2,-40.754999999999974,3.0,-101.55999999999977
30714,2017-02-16 00:00:00,20:00,2017-02-16 20:00:00,,0.0,-19.2,-20.4,-30.839999999999893,2.0,-60.804999999999794
30714,2017-02-16 00:00:00,08:00,2017-02-16 08:00:00,37.0,0.0,-32.2,-33.4,-30.839999999999893,2.0,-60.804999999999794
30714,2017-02-15 00:00:00,20:00,2017-02-15 20:00:00,,0.2,-19.3,-19.9,-20.99499999999991,1.0,-29.964999999999904
30714,2017-02-15 00:00:00,08:00,2017-02-15 08:00:00,36.0,0.8,-24.9,-26.2,-20.99499999999991,1.0,-29.964999999999904
30714,2017-02-14 00:00:00,20:00,2017-02-14 20:00:00,,3.0,-12.6,-13.2,-8.969999999999994,0.0,-8.969999999999994
30714,2017-02-14 00:00:00,08:00,2017-02-14 08:00:00,34.0,0.4,-17.3,-17.9,-8.969999999999994,0.0,-8.969999999999994
30714,2017-02-13 00:00:00,20:00,2017-02-13 20:00:00,,0.6,-14.5,-15.8,-15.817500000000045,4.0,-42.26000000000013
30714,2017-02-13 00:00:00,08:00,2017-02-13 08:00:00,32.0,0.0,-18.8,-19.4,-15.817500000000045,4.0,-42.26000000000013
30714,2017-12-02 00:00:00,20:00,2017-12-02 20:00:00,,0.0,-10.1,-13.7,-38.325000000000024,5.0,-162.10500000000002
30714,2017-12-02 00:00:00,08:00,2017-12-02 08:00:00,32.0,0.0,-26.4,-27.0,-38.325000000000024,5.0,-162.10500000000002
30714,2017-11-02 00:00:00,20:00,2017-11-02 20:00:00,,0.0,-10.7,-15.1,-45.00750000000001,25.0,-303.90083333333325
30714,2017-11-02 00:00:00,08:00,2017-11-02 08:00:00,33.0,0.0,-24.6,-25.3,-45.00750000000001,25.0,-303.90083333333325
30714,2017-10-02 00:00:00,20:00,2017-10-02 20:00:00,,0.0,-11.2,-13.2,-23.14000000000007,2.0,-41.952499999999944
30714,2017-10-02 00:00:00,08:00,2017-10-02 08:00:00,33.0,0.0,-24.4,-25.0,-23.14000000000007,2.0,-41.952499999999944
30714,2017-09-02 00:00:00,20:00,2017-09-02 20:00:00,,0.0,-12.4,-13.0,-11.000000000000014,7.0,-90.68055555555576
30714,2017-09-02 00:00:00,08:00,2017-09-02 08:00:00,34.0,0.0,-27.6,-28.1,-11.000000000000014,7.0,-90.68055555555576
30714,2017-08-02 00:00:00,20:00,2017-08-02 20:00:00,,0.0,-17.1,-17.7,-20.994999999999948,3.0,26.520000000000067
30714,2017-08-02 00:00:00,08:00,2017-08-02 08:00:00,34.0,0.0,-32.3,-33.4,-20.994999999999948,3.0,26.520000000000067
30714,2017-07-02 00:00:00,20:00,2017-07-02 20:00:00,,0.0,-19.9,-21.1,-28.215000000000035,4.0,256.21749999999986
30714,2017-07-02 00:00:00,08:00,2017-07-02 08:00:00,34.0,0.0,-31.4,-32.4,-28.215000000000035,4.0,256.21749999999986
30714,2017-06-02 00:00:00,20:00,2017-06-02 20:00:00,,0.0,-17.6,-18.8,-16.514999999999976,6.0,467.23249999999996
30714,2017-06-02 00:00:00,08:00,2017-06-02 08:00:00,35.0,0.4,-19.1,-19.7,-16.514999999999976,6.0,467.23249999999996
30714,2017-05-02 00:00:00,20:00,2017-05-02 20:00:00,,0.0,-12.5,-13.1,-16.957500000000028,10.0,644.5525
30714,2017-05-02 00:00:00,08:00,2017-05-02 08:00:00,34.0,0.0,-27.4,-28.5,-16.957500000000028,10.0,644.5525
30714,2017-04-02 00:00:00,20:00,2017-04-02 20:00:00,,0.0,-16.6,-17.2,-19.294999999999874,24.0,-732.5305555555553
30714,2017-04-02 00:00:00,08:00,2017-04-02 08:00:00,34.0,0.0,-28.8,-29.9,-19.294999999999874,24.0,-732.5305555555553
30714,2017-03-02 00:00:00,20:00,2017-03-02 20:00:00,,0.0,-17.0,-17.6,-18.945000000000046,16.0,-449.8694444444444
30714,2017-03-02 00:00:00,08:00,2017-03-02 08:00:00,34.0,0.0,-25.1,-26.3,-18.945000000000046,16.0,-449.8694444444444
30714,2017-02-02 00:00:00,20:00,2017-02-02 20:00:00,,0.0,-12.7,-14.0,-26.25,6.0,-223.44249999999994
30714,2017-02-02 00:00:00,08:00,2017-02-02 08:00:00,35.0,0.0,-29.3,-30.5,-26.25,6.0,-223.44249999999994
30714,2017-01-02 00:00:00,20:00,2017-01-02 20:00:00,,0.0,-17.8,-18.4,-20.87999999999997,0.0,0.0
30714,2017-01-02 00:00:00,08:00,2017-01-02 08:00:00,35.0,0.0,-28.6,-29.8,-20.87999999999997,0.0,0.0
30714,2017-01-31 00:00:00,20:00,2017-01-31 20:00:00,,0.0,-18.6,-19.2,-21.504999999999946,4.0,-179.86749999999998
30714,2017-01-31 00:00:00,08:00,2017-01-31 08:00:00,36.0,0.0,-32.0,-33.1,-21.504999999999946,4.0,-179.86749999999998
30714,2017-01-30 00:00:00,20:00,2017-01-30 20:00:00,,0.0,-19.9,-20.2,-26.5,3.0,-158.36250000000004
30714,2017-01-30 00:00:00,08:00,2017-01-30 08:00:00,37.0,0.0,-33.1,-34.8,-26.5,3.0,-158.36250000000004
30714,2017-01-29 00:00:00,20:00,2017-01-29 20:00:00,,0.0,-22.7,-23.9,-49.58250000000006,2.0,-131.86250000000004
30714,2017-01-29 00:00:00,08:00,2017-01-29 08:00:00,38.0,0.0,-37.4,-39.5,-49.58250000000006,2.0,-131.86250000000004
30714,2017-01-28 00:00:00,20:00,2017-01-28 20:00:00,,0.0,-29.1,-30.9,-55.620000000000026,1.0,-82.27999999999997
30714,2017-01-28 00:00:00,08:00,2017-01-28 08:00:00,38.0,0.3,-32.7,-34.5,-55.620000000000026,1.0,-82.27999999999997
30714,2017-01-27 00:00:00,20:00,2017-01-27 20:00:00,,3.0,-17.3,-19.2,-26.659999999999954,0.0,-26.659999999999954
30714,2017-01-27 00:00:00,08:00,2017-01-27 08:00:00,37.0,0.5,-17.1,-18.3,-26.659999999999954,0.0,-26.659999999999954
30714,2017-01-26 00:00:00,20:00,2017-01-26 20:00:00,,0.0,-17.7,-18.9,-43.47000000000001,17.0,-306.53499999999997
30714,2017-01-26 00:00:00,08:00,2017-01-26 08:00:00,38.0,,-30.6,-33.0,-43.47000000000001,17.0,-306.53499999999997
30714,2017-01-25 00:00:00,20:00,2017-01-25 20:00:00,,2.0,-11.6,-12.9,-10.497499999999993,16.0,-263.06499999999994
30714,2017-01-25 00:00:00,08:00,2017-01-25 08:00:00,37.0,2.0,-10.5,-11.1,-10.497499999999993,16.0,-263.06499999999994
30714,2017-01-24 00:00:00,20:00,2017-01-24 20:00:00,,0.0,-11.5,-12.1,-11.309999999999961,15.0,-252.56749999999997
30714,2017-01-24 00:00:00,08:00,2017-01-24 08:00:00,31.0,0.0,-26.2,-26.8,-11.309999999999961,15.0,-252.56749999999997
30714,2017-01-23 00:00:00,20:00,2017-01-23 20:00:00,,0.0,-18.4,-19.0,-14.220000000000033,14.0,-241.2575
30714,2017-01-23 00:00:00,08:00,2017-01-23 08:00:00,31.0,0.0,-29.0,-29.6,-14.220000000000033,14.0,-241.2575
30714,2017-01-22 00:00:00,20:00,2017-01-22 20:00:00,,0.0,-21.0,-21.6,-30.360000000000056,13.0,-227.03749999999997
30714,2017-01-22 00:00:00,08:00,2017-01-22 08:00:00,32.0,0.0,-31.8,-33.5,-30.360000000000056,13.0,-227.03749999999997
30714,2017-01-21 00:00:00,20:00,2017-01-21 20:00:00,,0.0,-24.7,-25.9,-32.88999999999996,12.0,-196.67749999999992
30714,2017-01-21 00:00:00,08:00,2017-01-21 08:00:00,33.0,0.0,-32.5,-33.6,-32.88999999999996,12.0,-196.67749999999992
30714,2017-01-20 00:00:00,20:00,2017-01-20 20:00:00,,0.0,-24.8,-26.0,-23.2274999999999,11.0,-163.78749999999997
30714,2017-01-20 00:00:00,08:00,2017-01-20 08:00:00,33.0,1.0,-24.1,-24.8,-23.2274999999999,11.0,-163.78749999999997
30714,2017-01-19 00:00:00,20:00,2017-01-19 20:00:00,,0.0,-15.0,-15.6,-19.480000000000018,10.0,-140.56000000000006
30714,2017-01-19 00:00:00,08:00,2017-01-19 08:00:00,32.0,0.0,-33.7,-34.7,-19.480000000000018,10.0,-140.56000000000006
30714,2017-01-18 00:00:00,20:00,2017-01-18 20:00:00,,0.0,-27.0,-28.2,-31.107499999999963,9.0,-121.08000000000003
30714,2017-01-18 00:00:00,08:00,2017-01-18 08:00:00,32.0,0.3,-27.1,-28.2,-31.107499999999963,9.0,-121.08000000000003
30714,2017-01-17 00:00:00,20:00,2017-01-17 20:00:00,,1.0,-19.8,-20.4,-13.200000000000031,8.0,-89.97250000000007
30714,2017-01-17 00:00:00,08:00,2017-01-17 08:00:00,31.0,1.0,-24.2,-24.8,-13.200000000000031,8.0,-89.97250000000007
30714,2017-01-16 00:00:00,20:00,2017-01-16 20:00:00,,0.6,-18.9,-19.5,-14.235000000000046,7.0,-76.77250000000004
30714,2017-01-16 00:00:00,08:00,2017-01-16 08:00:00,30.0,0.3,-24.9,-25.6,-14.235000000000046,7.0,-76.77250000000004
30714,2017-01-15 00:00:00,20:00,2017-01-15 20:00:00,,0.7,-17.3,-17.9,-10.890000000000025,6.0,-62.537499999999994
30714,2017-01-15 00:00:00,08:00,2017-01-15 08:00:00,29.0,0.8,-19.0,-19.6,-10.890000000000025,6.0,-62.537499999999994
30714,2017-01-14 00:00:00,20:00,2017-01-14 20:00:00,,0.0,-16.7,-17.3,-18.82750000000003,5.0,-51.647499999999965
30714,2017-01-14 00:00:00,08:00,2017-01-14 08:00:00,28.0,0.0,-27.6,-28.7,-18.82750000000003,5.0,-51.647499999999965
30714,2017-01-13 00:00:00,20:00,2017-01-13 20:00:00,,,-17.8,-18.4,-19.80499999999995,4.0,-32.819999999999936
30714,2017-01-13 00:00:00,08:00,2017-01-13 08:00:00,29.0,0.0,-28.8,-29.9,-19.80499999999995,4.0,-32.819999999999936
30714,2017-12-01 00:00:00,20:00,2017-12-01 20:00:00,,0.0,-23.0,-23.7,-23.309999999999963,4.0,-123.77999999999999
30714,2017-12-01 00:00:00,08:00,2017-12-01 08:00:00,29.0,0.0,-28.8,-29.9,-23.309999999999963,4.0,-123.77999999999999
30714,2017-11-01 00:00:00,20:00,2017-11-01 20:00:00,,0.0,-17.6,-18.8,-28.139999999999905,24.0,-258.89333333333326
30714,2017-11-01 00:00:00,08:00,2017-11-01 08:00:00,30.0,0.0,-29.3,-30.5,-28.139999999999905,24.0,-258.89333333333326
30714,2017-10-01 00:00:00,20:00,2017-10-01 20:00:00,,0.7,-17.3,-17.9,-18.869999999999877,1.0,-18.812499999999876
30714,2017-10-01 00:00:00,08:00,2017-10-01 08:00:00,29.0,0.0,-27.1,-28.2,-18.869999999999877,1.0,-18.812499999999876
30714,2017-09-01 00:00:00,23:00,2017-09-01 23:00:00,,0.4,-27.5,-38.7,-190.64444444444462,6.0,-79.68055555555574
30714,2017-09-01 00:00:00,20:00,2017-09-01 20:00:00,,0.4,-27.5,-38.7,-190.64444444444462,6.0,-79.68055555555574
30714,2017-09-01 00:00:00,08:00,2017-09-01 08:00:00,29.0,2.0,-19.6,-20.2,-190.64444444444462,6.0,-79.68055555555574
30714,2017-08-01 00:00:00,20:00,2017-08-01 20:00:00,,0.3,-17.3,-17.9,-20.249999999999968,2.0,47.515000000000015
30714,2017-08-01 00:00:00,08:00,2017-08-01 08:00:00,27.0,0.5,-27.7,-28.9,-20.249999999999968,2.0,47.515000000000015
30714,2017-07-01 00:00:00,20:00,2017-07-01 20:00:00,,0.7,-11.7,-12.3,-4.620000000000011,3.0,284.4324999999999
30714,2017-07-01 00:00:00,08:00,2017-07-01 08:00:00,25.0,0.0,-19.1,-19.1,-4.620000000000011,3.0,284.4324999999999
30714,2017-06-01 00:00:00,20:00,2017-06-01 20:00:00,,0.0,-15.7,-15.7,-5.924999999999944,5.0,483.74749999999995
30714,2017-06-01 00:00:00,08:00,2017-06-01 08:00:00,25.0,0.0,-23.8,-24.4,-5.924999999999944,5.0,483.74749999999995
30714,2017-05-01 00:00:00,20:00,2017-05-01 20:00:00,,0.0,-16.6,-17.2,-10.950000000000026,9.0,661.51
30714,2017-05-01 00:00:00,08:00,2017-05-01 08:00:00,25.0,0.0,-19.9,-20.5,-10.950000000000026,9.0,661.51
30714,2017-04-01 00:00:00,20:00,2017-04-01 20:00:00,,0.0,-16.5,-17.1,-19.305000000000046,23.0,-713.2355555555555
30714,2017-04-01 00:00:00,08:00,2017-04-01 08:00:00,25.0,0.0,-26.4,-27.6,-19.305000000000046,23.0,-713.2355555555555
30714,2017-03-01 00:00:00,20:00,2017-03-01 20:00:00,,0.0,-18.2,-18.8,-14.235000000000046,15.0,-430.92444444444436
30714,2017-03-01 00:00:00,08:00,2017-03-01 08:00:00,16.0,0.0,-25.6,-26.3,-14.235000000000046,15.0,-430.92444444444436
30714,2017-02-01 00:00:00,20:00,2017-02-01 20:00:00,,0.0,-15.7,-16.3,-17.324999999999974,5.0,-197.19249999999994
30714,2017-02-01 00:00:00,08:00,2017-02-01 08:00:00,27.0,0.0,-22.8,-24.0,-17.324999999999974,5.0,-197.19249999999994
30714,2017-01-01 00:00:00,20:00,2017-01-01 20:00:00,,0.0,-24.9,-26.2,-34.6875,0.0,0.0
30714,2017-01-01 00:00:00,08:00,2017-01-01 08:00:00,27.0,0.0,-30.6,-31.8,-34.6875,0.0,0.0
